s			t			RPM			rad/s^2			Nm
0.721		9.92 		83.22		16.64		2.146
0.498		10.6 		120.6		14.19		1.83 
0.398		11.1 		150.6		13.8 		1.78 
0.347		11.5 		173.1		13.14		1.695
0.309		11.9 		194.1		13.51		1.743
0.282		12.2 		213  		12.67		1.635
0.263		12.5 		228.2		11.57		1.493
0.248		12.7 		242  		10.93		1.409
0.236		13   		254.1		9.933		1.281
0.227		13.2 		264.4		9.511		1.227
0.218		13.4 		274.7		8.997		1.161
0.212		13.7 		283.2		7.859		1.014
0.206		13.9 		290.6		7.443		0.9601
0.201		14.1 		297.9		6.333		0.8169
0.198		14.3 		302.8		4.938		0.6369
0.195		14.5 		307.2		5.629		0.7261
0.192		14.7 		313.3		4.648		0.5996
0.190		14.9 		315.7		2.397		0.3093
0.189		15.1 		317.6		3.316		0.4277
0.187		15.2 		321.7		2.27 		0.2929
0.187		15.4 		321.6		0.3609		0.04656
0.186		15.6 		322.3		1.923		0.2481
0.185		15.8 		325.1		1.8  		0.2322
0.184		16   		325.5		0.817		0.1054
0.184		16.2 		326.5		1.48 		0.1909
0.183		16.4 		328.1		0.8319		0.1073
0.183		16.5 		328  		-0.3045		-0.03928
0.183		16.7 		327.6		0.8928		0.1152
0.182		16.9 		329.5		1.388		0.1791
0.182		17.1 		330  		0.4702		0.06065
0.182		17.3 		330.3		2.662		0.3434
0.179		17.5 		334.6		3.844		0.4959
0.178		17.6 		336.9		2.172		0.2802
0.177		17.8 		338.3		1.821		0.2348
0.176		18   		340  		1.198		0.1545
0.176		18.2 		340.3		0.9924		0.128
0.176		18.3 		341.7		1.498		0.1933
0.175		18.5 		342.8		0.2996		0.03865
0.175		18.7 		342.2		0.2342		0.03022
0.175		18.9 		343.2		0.3571		0.04607
0.175		19   		342.8		-1.453		-0.1875
0.176		19.2 		340.8		-0.4254		-0.05487
0.175		19.4 		342.1		-0.3242		-0.04182
0.176		19.6 		340.2		-4.957		-0.6395
0.180		19.7 		333.7		-12.55		-1.618
0.188		19.9 		318.7		-15.82		-2.041
0.197		20.1 		305.3		-14.35		-1.851
0.206		20.3 		291.8		-13.91		-1.794
0.216		20.5 		278  		-13.73		-1.771
0.228		20.7 		263.5		-13.63		-1.758
0.242		21   		248.3		-13.46		-1.736
0.258		21.2 		232.4		-13.33		-1.719
0.278		21.5 		215.5		-13.3		-1.716
0.304		21.7 		197.1		-13.2		-1.703
0.339		22   		177.1		-13.19		-1.701
0.389		22.4 		154.4		-13.31		-1.717
0.470		22.8 		127.7		-14.36		-1.852
0.667		23.2 		89.94		-15.19		-1.96
1.943		23.9 		30.89		-0.7785		-0.1004
0.795		25.8 		75.5 		12.09		1.559
0.489		26.6 		122.6		16.81		2.168
0.390		27.1 		154  		17.19		2.218
0.322		27.5 		186.6		19.7 		2.541
0.280		27.8 		214.5		19.85		2.56 
0.250		28.1 		239.6		21.59		2.785
0.225		28.4 		266.2		24.92		3.214
0.205		28.6 		293.2		24.36		3.143
0.191		28.8 		313.8		20.87		2.692
0.181		29   		331.3		19.25		2.483
0.173		29.2 		347  		19.84		2.559
0.165		29.3 		364.1		21.44		2.766
0.158		29.5 		380.8		21.08		2.719
0.152		29.7 		395.8		21.64		2.791
0.146		29.8 		412.1		22.74		2.934
0.140		30   		427.4		22.38		2.887
0.136		30.1 		442.1		24.15		3.115
0.131		30.2 		458.7		24.46		3.156
0.127		30.4 		472.7		22.18		2.861
0.124		30.5 		485.6		22.77		2.938
0.120		30.6 		499.5		22.29		2.875
0.117		30.7 		511.2		21.43		2.764
0.115		30.9 		523.6		23.7 		3.057
0.112		31   		537.1		23.94		3.089
0.109		31.1 		549.1		24.2 		3.122
0.107		31.2 		562.3		25.41		3.278
0.104		31.3 		575  		26.17		3.376
0.102		31.4 		588.4		26.37		3.401
0.100		31.5 		600.7		24.98		3.223
0.098		31.6 		612.3		22.76		2.936
0.096		31.7 		622  		27.16		3.504
0.094		31.8 		637.3		30.09		3.882
0.092		31.9 		649  		25.78		3.325
0.091		32   		660  		28.08		3.622
0.089		32.1 		673.4		31.08		4.01 
0.087		32.2 		686.5		31.3 		4.037
0.086		32.3 		699.5		30.35		3.915
0.084		32.3 		711.3		28.02		3.615
0.083		32.4 		722.1		30.8 		3.974
0.082		32.5 		735.8		34.67		4.473
0.080		32.6 		749.1		31.18		4.022
0.079		32.7 		759.6		35.59		4.591
0.077		32.8 		775.9		40.67		5.247
0.076		32.8 		789.7		36.53		4.712
0.075		32.9 		802.4		33.38		4.306
0.074		33   		813.5		27.5 		3.547
0.073		33.1 		821.8		24.86		3.208
0.072		33.1 		830.8		22.77		2.938
0.072		33.2 		837.5		20.92		2.699
0.071		33.3 		845.1		25.12		3.241
0.070		33.3 		854.5		23.58		3.042
0.070		33.4 		860.9		25.46		3.284
0.069		33.5 		871.5		29   		3.741
0.068		33.6 		880  		27.18		3.506
0.067		33.6 		889.2		27.5 		3.548
0.067		33.7 		897.7		26.38		3.403
0.066		33.8 		906  		31.77		4.098
0.065		33.8 		917.8		33.43		4.312
0.065		33.9 		926.9		30.98		3.996
0.064		34   		937  		32.9 		4.243
0.063		34   		947  		34.74		4.482
0.063		34.1 		958  		32.52		4.195
0.062		34.1 		966.4		28.54		3.682
0.062		34.2 		974.9		39.55		5.102
0.061		34.3 		989.7		40.98		5.286
0.060		34.3 		998.6		34.39		4.436
0.059		34.4 		1009 		42.07		5.427
0.059		34.4 		1023 		44.25		5.708
0.058		34.5 		1034 		25.67		3.312
0.058		34.6 		1037 		31.99		4.126
0.057		34.6 		1052 		55.23		7.125
0.056		34.7 		1067 		48.6 		6.269
0.056		34.7 		1078 		43.91		5.664
0.055		34.8 		1090 		45.16		5.825
0.054		34.8 		1102 		38.91		5.019
0.054		34.9 		1110 		25.79		3.327
0.054		35   		1115 		36.23		4.674
0.053		35   		1129 		31.9 		4.115
0.053		35.1 		1131 		23.52		3.035
0.053		35.1 		1141 		37.43		4.829
0.052		35.2 		1150 		32.64		4.21 
0.052		35.2 		1157 		40.86		5.271
0.051		35.3 		1170 		41.28		5.325
0.051		35.3 		1177 		34.01		4.387
0.051		35.4 		1187 		34.8 		4.49 
0.050		35.4 		1194 		42.25		5.45 
0.050		35.5 		1207 		46.46		5.993
0.049		35.5 		1216 		37.55		4.844
0.049		35.6 		1225 		46.35		5.979
0.048		35.6 		1238 		41.42		5.343
0.048		35.7 		1244 		35.28		4.551
0.048		35.7 		1254 		44.41		5.728
0.047		35.8 		1264 		50   		6.45 
0.047		35.8 		1277 		36.2 		4.669
0.047		35.9 		1280 		34.48		4.448
0.046		35.9 		1292 		47.68		6.15 
0.046		36   		1302 		46.83		6.041
0.046		36   		1313 		52.88		6.821
0.045		36   		1325 		54.91		7.083
0.045		36.1 		1337 		51.96		6.703
0.045		36.1 		1347 		63.27		8.162
0.044		36.2 		1364 		58.92		7.601
0.044		36.2 		1372 		34.03		4.39 
0.044		36.3 		1378 		40.53		5.229
0.043		36.3 		1389 		43.02		5.55 
0.043		36.4 		1396 		30.64		3.953
0.043		36.4 		1401 		35.69		4.604
0.043		36.4 		1410 		43.54		5.617
0.042		36.5 		1419 		40.26		5.194
0.042		36.5 		1426 		23.8 		3.07 
0.042		36.6 		1428 		36.81		4.749
0.042		36.6 		1441 		30.88		3.984
0.042		36.6 		1441 		30.9 		3.986
0.041		36.7 		1453 		38.04		4.907
0.041		36.7 		1456 		40.79		5.261
0.041		36.8 		1469 		30.68		3.958
0.041		36.8 		1468 		0.8299		0.1071
0.041		36.9 		1470 		2.949		0.3805
0.041		36.9 		1469 		-10.03		-1.294
0.041		36.9 		1466 		-9.634		-1.243
0.041		37   		1465 		-5.121		-0.6606
0.041		37   		1464 		-9.754		-1.258
0.041		37.1 		1461 		-6.728		-0.8679
0.041		37.1 		1461 		-5.528		-0.7131
0.041		37.1 		1459 		-10.3		-1.329
0.041		37.2 		1457 		-7.295		-0.941
0.041		37.2 		1456 		-3.864		-0.4984
0.041		37.3 		1456 		-10.48		-1.351
0.041		37.3 		1452 		-18.17		-2.344
0.041		37.3 		1449 		-4.614		-0.5952
0.041		37.4 		1450 		7.983		1.03 
0.041		37.4 		1452 		-7.975		-1.029
0.041		37.5 		1447 		-15.9		-2.051
0.042		37.5 		1445 		3.701		0.4775
0.041		37.6 		1449 		-4.308		-0.5558
0.042		37.6 		1444 		-23.81		-3.072
0.042		37.6 		1439 		-2.267		-0.2924
0.042		37.7 		1443 		1.043		0.1346
0.042		37.7 		1440 		-12.94		-1.669
0.042		37.8 		1438 		-10.02		-1.293
0.042		37.8 		1436 		-4.396		-0.5671
0.042		37.8 		1436 		-3.525		-0.4548
0.042		37.9 		1434 		3.444		0.4442
0.042		37.9 		1437 		-23.92		-3.085
0.042		38   		1425 		-12.96		-1.672
0.042		38   		1432 		11.53		1.488
0.042		38.1 		1429 		-11.22		-1.447
0.042		38.1 		1428 		-13.52		-1.744
0.042		38.1 		1424 		-15.38		-1.984
0.042		38.2 		1421 		11.27		1.453
0.042		38.2 		1428 		0.8395		0.1083
0.042		38.3 		1422 		-19.38		-2.5 
0.042		38.3 		1420 		-3.837		-0.495
0.042		38.3 		1420 		-11.8		-1.522
0.042		38.4 		1416 		-8.864		-1.143
0.042		38.4 		1417 		-10.05		-1.296
0.043		38.5 		1412 		1.319		0.1701
0.042		38.5 		1417 		0.8216		0.106
0.042		38.6 		1412 		-12.9		-1.664
0.042		38.6 		1412 		-10.45		-1.348
0.043		38.6 		1408 		-8.631		-1.113
0.043		38.7 		1408 		6.996		0.9025
0.043		38.7 		1411 		-12.89		-1.663
0.043		38.8 		1403 		-8.587		-1.108
0.043		38.8 		1407 		8.482		1.094
0.043		38.9 		1407 		-18.61		-2.401
0.043		38.9 		1400 		-15.87		-2.048
0.043		38.9 		1400 		6.313		0.8144
0.043		39   		1402 		1.52 		0.196
0.043		39   		1401 		-16.26		-2.098
0.043		39.1 		1395 		-0.07963		-0.01027
0.043		39.1 		1401 		1.905		0.2458
0.043		39.2 		1396 		-25.62		-3.305
0.043		39.2 		1390 		-3.465		-0.447
0.043		39.2 		1395 		7.544		0.9731
0.043		39.3 		1393 		-16.71		-2.156
0.043		39.3 		1388 		3.059		0.3946
0.043		39.4 		1394 		-2.577		-0.3324
0.043		39.4 		1387 		-23.14		-2.985
0.043		39.5 		1385 		7.766		1.002
0.043		39.5 		1390 		-15.52		-2.002
0.044		39.5 		1379 		-2.555		-0.3296
0.043		39.6 		1389 		10.4 		1.341
0.043		39.6 		1383 		-17.76		-2.29
0.043		39.7 		1382 		-12.48		-1.61
0.044		39.7 		1378 		2.143		0.2765
0.043		39.8 		1383 		-5.334		-0.6881
0.044		39.8 		1375 		-6.412		-0.8271
0.043		39.9 		1380 		-0.3037		-0.03918
0.044		39.9 		1375 		-18.86		-2.433
0.044		39.9 		1372 		-2.715		-0.3503
0.044		40   		1374 		1.28 		0.1651
0.044		40   		1373 		-3.54		-0.4566
0.044		40.1 		1373 		-4.807		-0.6201
0.044		40.1 		1371 		-5.774		-0.7449
0.044		40.2 		1370 		-7.992		-1.031
0.044		40.2 		1367 		-10.27		-1.325
0.044		40.2 		1366 		-9.406		-1.213
0.044		40.3 		1363 		8.68 		1.12 
0.044		40.3 		1370 		-0.1481		-0.0191
0.044		40.4 		1363 		-9.05		-1.167
0.044		40.4 		1366 		-10.96		-1.414
0.044		40.5 		1359 		-7.942		-1.025
0.044		40.5 		1362 		-2.704		-0.3489
0.044		40.6 		1357 		-16.26		-2.098
0.044		40.6 		1356 		-4.499		-0.5803
0.044		40.6 		1356 		4.862		0.6272
0.044		40.7 		1358 		-7.024		-0.9061
0.044		40.7 		1353 		-7.308		-0.9427
0.044		40.8 		1355 		0    		0    
0.044		40.8 		1353 		-2.453		-0.3164
0.044		40.9 		1354 		-2.735		-0.3528
0.044		40.9 		1351 		-13.7		-1.767
0.045		41   		1348 		-11.2		-1.445
0.045		41   		1347 		-8.02		-1.035
0.045		41   		1344 		-7.217		-0.931
0.045		41.1 		1344 		7.15 		0.9223
0.045		41.1 		1347 		-3.604		-0.465
0.045		41.2 		1342 		-11.51		-1.485
0.045		41.2 		1342 		-6.458		-0.833
0.045		41.3 		1339 		-9.589		-1.237
0.045		41.3 		1338 		-2.86		-0.369
0.045		41.4 		1338 		0.4881		0.06296
0.045		41.4 		1339 		-5.011		-0.6465
0.045		41.4 		1336 		-12.34		-1.592
0.045		41.5 		1333 		-0.8996		-0.116
0.045		41.5 		1336 		-9.432		-1.217
0.045		41.6 		1329 		-5.989		-0.7725
0.045		41.6 		1333 		-2.533		-0.3267
0.045		41.7 		1328 		-5.961		-0.7689
0.045		41.7 		1330 		-6.403		-0.826
0.045		41.8 		1325 		-3.34		-0.4309
0.045		41.8 		1329 		-1.29		-0.1664
0.045		41.8 		1325 		-18.67		-2.409
0.045		41.9 		1321 		-3.166		-0.4084
0.045		41.9 		1323 		11.46		1.479
0.045		42   		1326 		-17.4		-2.244
0.046		42   		1316 		-11.33		-1.461
0.045		42.1 		1321 		2.464		0.3178
0.046		42.1 		1317 		-5.471		-0.7058
0.046		42.2 		1319 		-5.644		-0.7281
0.046		42.2 		1315 		-5.706		-0.7361
0.046		42.3 		1316 		-3.436		-0.4432
0.046		42.3 		1313 		-6.337		-0.8175
0.046		42.3 		1313 		-2.369		-0.3056
0.046		42.4 		1312 		-7.943		-1.025
0.046		42.4 		1310 		-7.327		-0.9452
0.046		42.5 		1309 		-4.239		-0.5469
0.046		42.5 		1308 		-6.178		-0.797
0.046		42.6 		1306 		-4.284		-0.5526
0.046		42.6 		1306 		-0.6479		-0.08359
0.046		42.7 		1306 		-7.304		-0.9422
0.046		42.7 		1303 		-10.82		-1.395
0.046		42.8 		1301 		-2.054		-0.265
0.046		42.8 		1302 		2.117		0.2731
0.046		42.9 		1302 		-9.535		-1.23
0.046		42.9 		1298 		-11.98		-1.546
0.046		42.9 		1297 		2.289		0.2952
0.046		43   		1299 		-3.616		-0.4665
0.046		43   		1295 		-8.996		-1.16
0.046		43.1 		1295 		-1.389		-0.1792
0.046		43.1 		1294 		-1.577		-0.2035
0.046		43.2 		1294 		-10.75		-1.386
0.047		43.2 		1290 		-6.082		-0.7845
0.046		43.3 		1291 		1.938		0.25 
0.046		43.3 		1291 		-9.174		-1.184
0.047		43.4 		1287 		-7.651		-0.987
0.047		43.4 		1287 		-5.265		-0.6791
0.047		43.5 		1285 		-1.362		-0.1757
0.047		43.5 		1287 		-3.765		-0.4856
0.047		43.6 		1283 		-3.394		-0.4379
0.047		43.6 		1285 		-10.12		-1.306
0.047		43.6 		1279 		-9.856		-1.271
0.047		43.7 		1281 		-1.705		-0.2199
0.047		43.7 		1278 		-0.3048		-0.03932
0.047		43.8 		1280 		-0.6083		-0.07847
0.047		43.8 		1278 		-8.264		-1.066
0.047		43.9 		1277 		-5.568		-0.7182
0.047		43.9 		1275 		-4.227		-0.5453
0.047		44   		1275 		-8.898		-1.148
0.047		44   		1271 		-0.7811		-0.1008
0.047		44.1 		1275 		-4.546		-0.5865
0.047		44.1 		1269 		-9.623		-1.241
0.047		44.2 		1270 		1.787		0.2305
0.047		44.2 		1270 		-4.998		-0.6447
0.047		44.3 		1268 		-7.594		-0.9797
0.047		44.3 		1267 		-1.776		-0.2291
0.047		44.4 		1267 		-7.019		-0.9055
0.047		44.4 		1263 		-7.239		-0.9339
0.047		44.4 		1264 		-3.048		-0.3932
0.048		44.5 		1262 		-9.7 		-1.251
0.048		44.5 		1259 		-0.875		-0.1129
0.048		44.6 		1262 		-1.396		-0.1801
0.048		44.6 		1259 		-10.57		-1.363
0.048		44.7 		1257 		2.087		0.2692
0.048		44.7 		1260 		-1.735		-0.2239
0.048		44.8 		1256 		-9.246		-1.193
0.048		44.8 		1256 		-5.922		-0.7639
0.048		44.9 		1253 		-8.937		-1.153
0.048		44.9 		1251 		0    		0    
0.048		45   		1253 		0.3426		0.0442
0.048		45   		1252 		-8.382		-1.081
0.048		45.1 		1250 		-4.774		-0.6159
0.048		45.1 		1249 		-10.51		-1.356
0.048		45.2 		1245 		2.489		0.3211
0.048		45.2 		1251 		-0.6761		-0.08722
0.048		45.3 		1244 		-10.66		-1.375
0.048		45.3 		1246 		-1.29		-0.1664
0.048		45.4 		1244 		-8.618		-1.112
0.048		45.4 		1242 		-0.5586		-0.07207
0.048		45.5 		1244 		-1.226		-0.1582
0.048		45.5 		1241 		-11.01		-1.42
0.048		45.5 		1238 		-6.367		-0.8213
0.048		45.6 		1238 		-1.656		-0.2137
0.048		45.6 		1238 		0.5521		0.07122
0.048		45.7 		1238 		-7.155		-0.923
0.049		45.7 		1234 		-5.496		-0.7089
0.049		45.8 		1236 		-1.533		-0.1977
0.049		45.8 		1234 		-12.76		-1.647
0.049		45.9 		1230 		-3.806		-0.491
0.049		45.9 		1232 		4.616		0.5954
0.049		46   		1232 		-7.647		-0.9864
0.049		46   		1228 		-2.547		-0.3286
0.049		46.1 		1231 		-8.884		-1.146
0.049		46.1 		1224 		-6.62		-0.854
0.049		46.2 		1228 		3.054		0.394
0.049		46.2 		1226 		-6.006		-0.7748
0.049		46.3 		1225 		-2.674		-0.3449
0.049		46.3 		1224 		-10.86		-1.401
0.049		46.4 		1220 		-4.62		-0.596
0.049		46.4 		1222 		0.1587		0.02048
0.049		46.5 		1220 		-6.082		-0.7846
0.049		46.5 		1219 		-2.005		-0.2586
0.049		46.6 		1219 		-4.736		-0.611
0.049		46.6 		1217 		-6.089		-0.7855
0.049		46.7 		1216 		-5.752		-0.742
0.049		46.7 		1214 		-2.662		-0.3434
0.049		46.8 		1215 		-2.135		-0.2754
0.049		46.8 		1213 		-7.273		-0.9383
0.050		46.9 		1212 		-3.006		-0.3878
0.050		46.9 		1212 		-4.958		-0.6396
0.050		47   		1209 		-3.199		-0.4127
0.050		47   		1210 		1.803		0.2326
0.050		47.1 		1210 		-12.27		-1.582
0.050		47.1 		1205 		-8.794		-1.134
0.050		47.2 		1206 		3.568		0.4603
0.050		47.2 		1206 		-5.6 		-0.7224
0.050		47.3 		1203 		-4.474		-0.5772
0.050		47.3 		1204 		-2.381		-0.3072
0.050		47.4 		1202 		-6.524		-0.8416
0.050		47.4 		1201 		1.061		0.1368
0.050		47.5 		1203 		-7.698		-0.993
0.050		47.5 		1197 		-7.783		-1.004
0.050		47.6 		1199 		-0.5499		-0.07094
0.050		47.6 		1197 		-0.9506		-0.1226
0.050		47.7 		1198 		-2.246		-0.2898
0.050		47.7 		1196 		-13.52		-1.744
0.050		47.8 		1192 		-1.883		-0.243
0.050		47.8 		1195 		1.581		0.204
0.050		47.9 		1193 		-3.86		-0.4979
0.050		47.9 		1193 		-4.682		-0.604
0.050		48   		1190 		-9.676		-1.248
0.050		48   		1189 		-2.447		-0.3157
0.050		48.1 		1189 		1.908		0.2461
0.050		48.1 		1190 		-9.215		-1.189
0.051		48.2 		1185 		-8.312		-1.072
0.051		48.2 		1186 		5.483		0.7073
0.051		48.3 		1187 		-4.797		-0.6188
0.051		48.3 		1183 		-9.283		-1.197
0.051		48.4 		1183 		-2.214		-0.2856
0.051		48.4 		1182 		-3.988		-0.5144
0.051		48.5 		1181 		-4.601		-0.5935
0.051		48.5 		1180 		-2.248		-0.29
0.051		48.6 		1180 		-2.053		-0.2649
0.051		48.6 		1179 		-9.748		-1.258
0.051		48.7 		1175 		-5.121		-0.6606
0.051		48.7 		1176 		5.447		0.7027
0.051		48.8 		1178 		-7.234		-0.9332
0.051		48.8 		1173 		-9.336		-1.204
0.051		48.9 		1173 		-0.6103		-0.07872
0.051		48.9 		1173 		-3.47		-0.4476
0.051		49   		1172 		-6.357		-0.82
0.051		49   		1170 		-2.566		-0.331
0.051		49.1 		1170 		-3.255		-0.4199
0.051		49.1 		1168 		-8.809		-1.136
0.051		49.2 		1166 		5.472		0.7059
0.051		49.2 		1171 		2.503		0.3228
0.051		49.3 		1167 		-13.1		-1.689
0.052		49.3 		1164 		-5.248		-0.677
0.052		49.4 		1165 		-4.354		-0.5617
0.052		49.4 		1162 		-3.434		-0.443
0.052		49.5 		1163 		-1.552		-0.2002
0.052		49.5 		1161 		-6.379		-0.8229
0.052		49.6 		1160 		-5.583		-0.7202
0.052		49.7 		1159 		-7.231		-0.9328
0.052		49.7 		1156 		0.4967		0.06407
0.052		49.8 		1159 		3.339		0.4308
0.052		49.8 		1158 		-4.289		-0.5532
0.052		49.9 		1157 		-8.584		-1.107
0.052		49.9 		1154 		-3.855		-0.4973
0.052		50   		1155 		-0.8937		-0.1153
0.052		50   		1153 		-6.156		-0.7942
0.052		50.1 		1152 		-4.757		-0.6137
0.052		50.1 		1151 		-4.211		-0.5432
0.052		50.2 		1150 		-7.108		-0.917
0.052		50.2 		1147 		-3.611		-0.4658
0.052		50.3 		1148 		-1.976		-0.2549
0.052		50.3 		1146 		-0.6587		-0.08498
0.052		50.4 		1147 		-0.7015		-0.0905
0.052		50.4 		1146 		-9.398		-1.212
0.053		50.5 		1143 		-4.226		-0.5452
0.052		50.5 		1144 		0.7389		0.09532
0.052		50.6 		1143 		-10.7		-1.38
0.053		50.6 		1138 		-1.903		-0.2454
0.053		50.7 		1142 		0.5169		0.06667
0.053		50.7 		1139 		-8.996		-1.16
0.053		50.8 		1138 		-2.786		-0.3594
0.053		50.9 		1137 		-3.036		-0.3916
0.053		50.9 		1136 		-5.629		-0.7261
0.053		51   		1134 		-4.294		-0.5539
0.053		51   		1134 		-5.717		-0.7374
0.053		51.1 		1132 		-1.058		-0.1364
0.053		51.1 		1133 		0.04222		0.005446
0.053		51.2 		1132 		-2.197		-0.2834
0.053		51.2 		1132 		-6.98		-0.9004
0.053		51.3 		1128 		-5.623		-0.7254
0.053		51.3 		1129 		-1.755		-0.2263
0.053		51.4 		1127 		-5.965		-0.7695
0.053		51.4 		1126 		-3.948		-0.5093
0.053		51.5 		1125 		-0.6228		-0.08034
0.053		51.5 		1126 		-8.263		-1.066
0.054		51.6 		1121 		-3.55		-0.458
0.053		51.6 		1124 		0.9867		0.1273
0.054		51.7 		1121 		-4.486		-0.5786
0.053		51.8 		1122 		-7.364		-0.9499
0.054		51.8 		1118 		-5.43		-0.7005
0.054		51.9 		1119 		3.259		0.4204
0.054		51.9 		1119 		-7.925		-1.022
0.054		52   		1115 		-7.05		-0.9094
0.054		52   		1116 		-1.009		-0.1301
0.054		52.1 		1115 		-3.788		-0.4886
0.054		52.1 		1114 		0.3623		0.04674
0.054		52.2 		1115 		-7.257		-0.9362
0.054		52.2 		1110 		-6.362		-0.8207
0.054		52.3 		1112 		-1.035		-0.1336
0.054		52.3 		1110 		-3.305		-0.4263
0.054		52.4 		1110 		-1.827		-0.2356
0.054		52.5 		1109 		-8.033		-1.036
0.054		52.5 		1106 		-3.985		-0.5141
0.054		52.6 		1107 		-1.926		-0.2485
0.054		52.6 		1105 		-5.807		-0.7491
0.054		52.7 		1104 		-2.817		-0.3634
0.054		52.7 		1103 		-4.601		-0.5936
0.054		52.8 		1101 		-3.969		-0.512
0.054		52.8 		1101 		-3.257		-0.4202
0.055		52.9 		1099 		-2.44		-0.3148
0.055		52.9 		1100 		-5.516		-0.7116
0.055		53   		1097 		-4.121		-0.5316
0.055		53.1 		1098 		2.345		0.3025
0.055		53.1 		1098 		-5.029		-0.6487
0.055		53.2 		1095 		-8.869		-1.144
0.055		53.2 		1093 		-4.338		-0.5596
0.055		53.3 		1093 		-3.603		-0.4647
0.055		53.3 		1091 		-4.237		-0.5466
0.055		53.4 		1091 		-3.508		-0.4525
0.055		53.4 		1089 		-5.414		-0.6984
0.055		53.5 		1088 		-2.438		-0.3145
0.055		53.5 		1088 		-3.962		-0.5111
0.055		53.6 		1086 		-8.936		-1.153
0.055		53.7 		1083 		-4.744		-0.612
0.055		53.7 		1083 		-3.618		-0.4667
0.055		53.8 		1082 		-1.402		-0.1808
0.055		53.8 		1082 		1.253		0.1616
0.055		53.9 		1082 		-5.371		-0.6928
0.056		53.9 		1080 		-7.438		-0.9596
0.056		54   		1078 		-5.178		-0.6679
0.056		54   		1077 		-4.397		-0.5672
0.056		54.1 		1076 		-2.827		-0.3646
0.056		54.2 		1075 		-14.17		-1.827
0.056		54.2 		1068 		-45.27		-5.84
0.057		54.3 		1051 		-68.43		-8.828
0.058		54.3 		1031 		-87.14		-11.24
0.060		54.4 		1003 		-84.99		-10.96
0.061		54.4 		982.5		-45.18		-5.828
0.061		54.5 		976.3		-6.09		-0.7857
0.061		54.6 		978.9		-0.8951		-0.1155
0.061		54.6 		975.8		-15.76		-2.033
0.062		54.7 		969.6		-43.43		-5.603
0.063		54.8 		950.1		-56.51		-7.29
0.064		54.8 		935.6		-34.54		-4.455
0.065		54.9 		928.9		-15.29		-1.972
0.065		54.9 		926.1		-23.32		-3.008
0.066		55   		914.5		-56.59		-7.3 
0.067		55.1 		890.7		-60.48		-7.801
0.069		55.1 		875.6		-43.29		-5.585
0.070		55.2 		862.3		-46.01		-5.935
0.071		55.3 		845  		-47.31		-6.103
0.072		55.4 		830.3		-47.45		-6.121
0.074		55.4 		812.3		-49.99		-6.448
0.075		55.5 		795  		-40.65		-5.244
0.077		55.6 		783  		-31.98		-4.126
0.078		55.6 		771.6		-31.84		-4.108
0.079		55.7 		759.3		-34.3		-4.425
0.080		55.8 		745.7		-37.89		-4.888
0.082		55.9 		730.2		-38.87		-5.014
0.084		56   		715.2		-38.89		-5.017
0.086		56.1 		699.1		-39.91		-5.148
0.088		56.1 		682.5		-45.05		-5.811
0.091		56.2 		661.3		-48.71		-6.284
0.094		56.3 		640.3		-50.59		-6.526
0.097		56.4 		616  		-52.54		-6.778
0.101		56.5 		591.4		-52.63		-6.79
0.106		56.6 		565  		-48.79		-6.294
0.111		56.7 		542  		-42.64		-5.501
0.115		56.8 		519.9		-40.29		-5.197
0.121		56.9 		497.6		-41.58		-5.363
0.127		57.1 		472.1		-44.47		-5.737
0.135		57.2 		443.6		-46.42		-5.988
0.146		57.3 		412.1		-45.25		-5.838
0.158		57.5 		380.7		-42.09		-5.43
0.172		57.6 		348.7		-38.4		-4.954
0.189		57.8 		317.6		-22.73		-2.932
0.195		58   		307.7		-6.495		-0.8378
0.196		58.2 		305.5		-2.103		-0.2713
0.198		58.4 		303.8		-1.953		-0.2519
0.199		58.6 		301.8		-2.059		-0.2657
0.200		58.8 		299.9		-1.93		-0.2489
0.201		59   		298.1		-2.018		-0.2603
0.203		59.2 		296  		-2.071		-0.2671
0.204		59.4 		294.1		-2.021		-0.2607
0.205		59.6 		292.1		-2.138		-0.2758
0.207		59.8 		289.9		-2.069		-0.2669
0.208		60   		288  		-2.023		-0.261
0.210		60.2 		285.9		-2.119		-0.2733
0.211		60.4 		283.7		-2.017		-0.2602
0.213		60.6 		281.8		-1.89		-0.2439
0.214		60.8 		279.9		-2.032		-0.2621
0.216		61.1 		277.6		-1.922		-0.248
0.217		61.3 		275.9		-1.845		-0.2379
0.219		61.5 		273.8		-1.999		-0.2579
0.221		61.7 		271.7		-1.976		-0.2548
0.223		61.9 		269.7		-2.003		-0.2584
0.224		62.2 		267.5		-2.086		-0.2691
0.226		62.4 		265.2		-2.077		-0.268
0.228		62.6 		263  		-2.057		-0.2654
0.230		62.8 		260.7		-2.061		-0.2658
0.232		63.1 		258.5		-1.935		-0.2497
0.234		63.3 		256.4		-1.89		-0.2439
0.236		63.5 		254.2		-1.828		-0.2358
0.238		63.8 		252.3		-1.744		-0.2249
0.240		64   		250.3		-1.827		-0.2357
0.242		64.2 		248.1		-1.758		-0.2268
0.244		64.5 		246.2		-1.786		-0.2304
0.246		64.7 		244  		-1.836		-0.2368
0.248		65   		241.9		-1.819		-0.2346
0.250		65.2 		239.6		-1.792		-0.2312
0.253		65.5 		237.6		-1.777		-0.2293
0.255		65.7 		235.4		-1.857		-0.2395
0.257		66   		233.1		-1.809		-0.2334
0.260		66.2 		230.9		-1.759		-0.2269
0.262		66.5 		228.7		-1.776		-0.2291
0.265		66.8 		226.5		-1.788		-0.2306
0.268		67   		224.2		-1.811		-0.2336
0.270		67.3 		221.8		-1.808		-0.2332
0.273		67.6 		219.5		-1.733		-0.2236
0.276		67.8 		217.3		-17.72		-2.285
