9915216
721006
497534
398374
346657
309122
281735
262932
247914
236164
226912
218444
211874
206490
201435
198182
195308
191540
190049
188916
186515
186541
186143
184579
184329
183766
182870
182952
183167
182085
181827
181635
179318
178086
177360
176471
176308
175608
175016
175351
174816
175046
176062
175412
176343
179800
188262
196551
205638
215866
227725
241632
258147
278480
304491
338839
388642
469951
667120
1942607
794726
489314
389550
321587
279701
250434
225435
204624
191228
181092
172887
164799
157565
151592
145589
140378
135710
130802
126937
123560
120109
117381
114599
111713
109268
106697
104348
101968
99888
97999
96467
94151
92446
90905
89100
87403
85773
84349
83092
81547
80097
78987
77326
75983
74772
73757
73010
72218
71641
70995
70213
69691
68848
68181
67478
66835
66224
65372
64733
64036
63358
62631
62083
61544
60625
60082
59440
58679
58015
57874
57040
56242
55659
55038
54460
54035
53810
53144
53040
52589
52173
51850
51271
50960
50556
50243
49707
49332
48989
48468
48234
47840
47460
46991
46858
46430
46097
45701
45294
44889
44545
44003
43741
43549
43210
42995
42822
42550
42288
42065
42005
41634
41647
41282
41218
40831
40882
40822
40850
40931
40955
40987
41062
41061
41123
41175
41204
41218
41321
41422
41373
41332
41463
41512
41421
41561
41693
41587
41681
41736
41797
41787
41838
41747
42118
41899
41982
42031
42142
42214
42008
42204
42239
42250
42381
42357
42503
42341
42493
42498
42621
42604
42535
42763
42641
42658
42872
42856
42793
42837
42997
42838
42973
43162
43017
43066
43230
43027
43263
43324
43163
43525
43196
43390
43426
43553
43398
43623
43482
43627
43731
43663
43714
43710
43778
43787
43885
43925
44012
43808
44014
43930
44163
44038
44200
44261
44262
44194
44359
44295
44359
44329
44397
44520
44554
44633
44656
44532
44707
44695
44799
44832
44840
44825
44912
45003
44925
45140
45012
45177
45099
45271
45148
45290
45424
45337
45254
45596
45423
45559
45505
45644
45591
45696
45687
45732
45808
45844
45873
45939
45939
45949
46052
46117
46084
46084
46233
46272
46197
46329
46339
46351
46364
46522
46461
46491
46608
46614
46693
46636
46754
46691
46919
46852
46947
46857
46957
46993
47049
47063
47197
47076
47273
47237
47243
47321
47371
47351
47490
47474
47542
47640
47557
47664
47739
47628
47769
47788
47872
47944
47872
47938
48019
48022
48205
47978
48217
48167
48240
48321
48250
48343
48448
48458
48478
48448
48608
48548
48636
48782
48706
48697
48847
48744
49012
48867
48955
48979
49005
49183
49092
49180
49207
49218
49297
49334
49407
49385
49448
49525
49506
49621
49568
49586
49807
49758
49737
49868
49825
49915
49954
49894
50107
50049
50118
50068
50163
50340
50201
50308
50279
50403
50476
50453
50437
50642
50608
50529
50707
50721
50753
50804
50849
50851
50892
51056
51000
50941
51153
51139
51166
51213
51302
51268
51372
51458
51254
51404
51537
51518
51632
51593
51666
51733
51789
51893
51778
51819
51873
52010
51959
52030
52097
52137
52192
52298
52274
52343
52289
52359
52504
52456
52487
52703
52531
52691
52740
52756
52811
52888
52912
53023
52937
53022
52989
53188
53123
53230
53266
53325
53281
53525
53367
53501
53476
53681
53609
53601
53804
53775
53829
53869
53820
54050
53979
54076
54062
54122
54265
54223
54314
54371
54386
54489
54488
54573
54551
54716
54658
54655
54789
54887
54903
54982
55015
55075
55159
55140
55265
55380
55393
55478
55431
55444
55577
55647
55719
55768
55797
56162
57086
58194
59843
61071
61458
61294
61491
61879
63152
64133
64590
64786
65609
67365
68524
69578
71003
72266
73865
75471
76629
77760
79015
80459
82165
83890
85827
87910
90735
93705
97403
101448
106193
110709
115400
120587
127104
135261
145597
157618
172047
188934
194975
196413
197507
198810
200082
201269
202704
204012
205437
206964
208354
209878
211472
212912
214376
216102
217458
219125
220806
222510
224319
226259
228147
230149
232145
234000
236002
237821
239736
241830
243690
245950
248033
250371
252505
254930
257401
259840
262313
264945
267605
270473
273297
276103
347163
