960816
443373
346813
295894
257821
227338
202387
178786
167250
158120
148825
140188
130286
119490
109810
100588
92642
87207
83069
79853
77150
74137
71249
68106
65269
62538
60017
57457
54947
52957
51088
49128
47720
46867
46142
45379
44711
43932
43509
42593
42011
41235
41070
40560
39981
39200
39022
38400
37746
37792
37156
36530
36196
35940
35406
35337
34896
34480
34247
33878
33501
33194
32972
32538
32269
32083
31759
31439
31318
30993
30634
30606
30562
30481
30413
30552
30606
30665
30632
30604
30711
30655
30733
30822
30721
30780
30829
30824
30896
30918
30939
30824
30973
30979
30987
31051
31027
31116
31072
31087
31165
31216
31222
31306
31171
31330
31252
31371
31335
31254
31329
31358
31449
31449
31495
31549
31919
31206
31649
31567
31552
31635
31656
31702
31689
31740
31729
31816
31878
31811
31862
31864
31915
31964
31958
31927
32091
32015
32086
31989
32154
32130
32143
32112
32166
32367
32197
32236
32379
32279
32439
32358
32371
32385
32483
32381
32541
32518
32576
32522
32523
32677
32623
32737
32660
32710
32743
32808
32807
32821
32862
32855
32869
32917
33071
33011
32974
32920
33160
33123
33025
33063
33201
33197
33250
33267
33235
33312
33353
33404
33370
33418
33419
33494
33367
33637
33522
33643
33553
33673
33628
33759
33748
33756
33712
33772
33869
33818
33880
33927
33934
33977
33929
34073
34032
34173
34027
34135
34157
34148
34197
34341
34153
34245
34237
34600
34243
34355
34420
34490
34510
34497
34594
34548
34665
34641
34640
34668
34752
34694
34822
34754
34812
34861
34992
34811
35012
35048
34968
35019
35112
35005
35203
35131
35218
35115
35275
35183
35321
35285
35386
35339
35310
35459
35370
35519
35471
35519
35593
35507
35598
35501
35806
35649
35748
35793
35785
35761
35811
35894
35742
36071
35900
36036
36082
36016
36063
36148
36168
36189
36192
36208
36343
36291
36247
36459
36358
36508
36459
36313
36639
36613
36555
36579
36640
36669
36699
36771
36802
36849
36883
36975
36810
36967
37037
36970
37008
37155
37040
37129
37127
37320
37043
37372
37192
37310
37422
37369
37399
37476
37413
37458
37489
37533
37527
37658
37684
37605
37673
37775
37679
37847
37683
37925
37850
37990
37779
38047
37942
38001
38025
38206
38080
38003
38204
38070
38281
38265
38273
38206
38450
38351
38398
38449
38339
38550
38605
38469
38609
38581
38721
38634
38658
38769
38624
38844
38792
38865
38857
38973
38956
38809
38992
39012
39141
39028
39034
39159
39196
39224
39149
39284
39281
39360
39318
39381
39419
39410
39424
39487
39492
39597
39538
39667
39588
39627
39752
39735
39657
39796
39794
39840
39804
39998
39778
40029
39917
39975
40071
40024
40144
40035
40189
40234
40083
40264
40239
40255
40255
40401
40330
40382
40357
40395
40539
40474
40553
40632
40544
40666
40630
40653
40682
40690
40839
40765
40892
40771
40945
40970
40973
40874
40923
41142
41117
41178
41034
41192
41234
41247
41351
41136
41382
41478
41321
41436
41415
41512
41453
41573
41534
41569
41594
41701
41670
41673
41761
41703
41803
41926
41910
41757
41900
42029
41953
42106
42098
42099
42157
42035
42200
42183
42188
42382
42300
42293
42301
42430
42405
42519
42393
42528
42445
42618
42453
42640
42695
42725
42755
42707
42720
42804
42820
42930
42903
42899
43023
43005
43079
43034
43072
43171
43102
43389
43181
43216
43371
43327
43343
43341
43417
43381
43479
43509
43606
43580
43610
43687
43697
43648
43794
43777
43814
43789
43961
43955
43962
43975
44011
44150
44044
44146
44219
44206
44239
44195
44305
44298
44425
44429
44417
44593
44520
44629
44655
44571
44734
44730
44730
44737
44777
44950
44860
44928
44917
45100
44968
45006
45157
45107
45194
45133
45285
45379
45220
45277
45458
45319
45524
45480
45508
45567
45568
45629
45676
45688
45709
45776
45848
45747
45873
45878
45926
46025
46103
46007
46121
46116
46252
46137
46293
46119
46340
46294
46373
46458
46412
46488
46543
46552
46714
46565
46705
46599
46822
46774
46842
46852
46839
46929
46998
46986
47019
47048
47091
47142
47200
47248
47216
47268
47373
47394
47384
47417
47526
47504
47543
47568
47667
47619
47733
47763
47749
47817
47850
47939
47906
47864
48107
48050
48113
48089
48207
48253
48190
48209
48313
48459
48386
48458
48464
48538
48541
48640
48584
48567
48772
48815
48676
48866
48914
48806
49045
48888
49054
49123
49104
49158
49087
49304
49272
49316
49373
49264
49449
49551
49473
49686
49532
49553
49589
49812
49812
49783
49821
49906
49880
50017
50070
49932
50159
50177
50142
50190
50358
50291
50285
50429
50434
50513
50385
50609
50590
50633
50625
50766
50814
50814
50886
50915
50960
50952
51088
51122
51112
51126
51230
51318
51284
51329
51356
51451
51537
51386
51661
51619
51638
51672
51719
51817
51762
51776
51886
51965
52012
51993
52109
52103
52166
52189
52253
52423
52281
52339
52441
52570
52469
52550
52748
52658
52737
52735
52646
52936
52938
52980
52986
53073
53062
53150
53062
53173
53403
53273
53409
53421
53390
53607
53433
53591
53682
53716
53719
53811
53866
53848
53937
54022
54003
54097
54116
54208
54143
54330
54262
54438
54388
54456
54523
54566
54583
54638
54751
54788
54754
54921
54961
54968
54928
55135
55121
55144
55327
55185
55325
55418
55418
55515
55467
55598
55604
55717
55687
55777
55897
55940
55803
56084
56073
56128
56140
56187
56209
56317
56391
56403
56517
56406
56647
56626
56749
56631
56843
56836
56942
56939
57007
57058
57083
57124
57186
57375
57217
57210
57396
57623
57533
57501
57454
57769
57669
57862
57608
57954
57962
57909
58132
58062
58104
58176
58292
58366
58375
58406
58470
58534
58640
58605
58668
58752
58849
58921
58849
58910
59088
59089
59185
59219
59363
59205
59365
59465
59511
59532
59663
59698
59683
59894
59756
59894
59964
60053
60106
60167
60113
60321
60316
60411
60459
60481
60590
60575
60759
60742
60822
60837
60915
61019
61076
61093
61166
61297
61273
61280
61539
61519
61500
61605
61629
61778
61903
61903
61886
61969
62121
62093
62159
62315
62311
62424
62442
62614
62484
62649
62759
62800
62820
62938
62983
63034
63179
63089
63233
63359
63354
63483
63490
63552
63624
63721
63786
63879
63931
63902
64109
64024
64190
64216
64334
64344
64490
64548
64574
64649
64632
64787
64823
65042
64907
65040
65160
65216
65196
65370
65409
65484
65489
65684
65744
65682
65893
65815
65923
66094
66131
66176
66258
66232
66423
66407
66485
66654
66664
66781
66788
66876
66948
67047
67101
67225
67207
67260
67490
67452
67493
67637
67742
67749
67822
67999
67944
68034
68186
68138
68361
68346
68460
68536
68571
68614
68765
68811
68919
68905
69080
69109
69177
69373
69304
69381
69601
69560
69689
69797
69793
70010
69975
70066
70117
70246
70252
70458
70433
70659
70524
70829
70719
70900
71067
71048
71151
71173
71261
71469
71506
71473
71713
71692
71697
71815
71964
71969
72083
72176
72195
72335
72441
72401
72541
72572
72649
72877
72829
72948
73131
73080
73257
73257
73381
73421
73612
73685
73736
73726
73843
74201
73926
74153
74276
74293
74478
74452
74658
74703
74717
74788
75007
74952
75094
75277
75216
75349
75484
75515
75539
75692
75769
75847
75932
76029
76003
76110
76325
76298
76384
76604
77380
80249
86629
94481
98535
98565
98732
98970
99327
102571
106753
109052
111390
112683
115003
123054
134502
138159
138776
141748
150605
168587
201154
256680
362658
416676
505681
