s			t			RPM			rad/s^2			Nm
0.468		0.651		128.1		14.09		1.818
0.387		1.12 		155.2		15.64		2.018
0.323		1.51 		185.8		20.26		2.613
0.276		1.83 		217.6		20.94		2.702
0.249		2.11 		241  		18.74		2.418
0.229		2.35 		262.2		18.87		2.435
0.213		2.58 		282.2		18.51		2.388
0.200		2.8  		299.8		17.18		2.216
0.190		3    		315  		15.97		2.061
0.182		3.19 		328.8		16.33		2.107
0.175		3.37 		343.5		17.74		2.288
0.167		3.54 		358.4		18.53		2.39 
0.161		3.71 		373.1		18.82		2.427
0.155		3.87 		387.3		18.46		2.382
0.150		4.03 		400.4		17.21		2.22 
0.146		4.18 		411.9		16.77		2.163
0.142		4.32 		423.7		16.44		2.121
0.138		4.46 		434.2		16.16		2.084
0.135		4.6  		445.1		16.14		2.081
0.132		4.74 		454.9		17.95		2.316
0.128		4.87 		467.7		21.33		2.752
0.125		5    		481.1		23.52		3.034
0.121		5.12 		495.7		24.66		3.182
0.118		5.24 		509.6		26.68		3.442
0.114		5.36 		525.7		28.71		3.704
0.111		5.47 		540.9		27.46		3.542
0.108		5.59 		554.8		29.1 		3.754
0.105		5.69 		570.9		33.66		4.343
0.102		5.8  		588.6		38.54		4.972
0.099		5.9  		608.4		40.22		5.188
0.096		6    		626.4		42.12		5.433
0.093		6.09 		647  		46.29		5.972
0.090		6.19 		667.4		50.26		6.483
0.087		6.28 		690.1		52.67		6.795
0.084		6.36 		711.2		57.66		7.438
0.081		6.45 		736.6		60.28		7.777
0.079		6.53 		758.1		60.17		7.762
0.077		6.61 		782  		66.03		8.518
0.074		6.69 		806.4		69.13		8.918
0.072		6.76 		831.2		72.08		9.298
0.070		6.83 		856.1		77.67		10.02
0.068		6.9  		883.1		76.71		9.895
0.066		6.97 		905.9		79   		10.19
0.064		7.04 		933.1		82.38		10.63
0.063		7.1  		956.5		80.16		10.34
0.061		7.16 		981.1		82.41		10.63
0.060		7.23 		1005 		80.32		10.36
0.058		7.28 		1027 		82.74		10.67
0.057		7.34 		1051 		85.77		11.06
0.056		7.4  		1074 		78.38		10.11
0.055		7.46 		1093 		82.56		10.65
0.054		7.51 		1117 		88.14		11.37
0.053		7.56 		1138 		86.45		11.15
0.052		7.62 		1161 		85.91		11.08
0.051		7.67 		1180 		82.71		10.67
0.050		7.72 		1201 		88.22		11.38
0.049		7.77 		1222 		91.53		11.81
0.048		7.82 		1244 		96.86		12.49
0.047		7.87 		1267 		97.25		12.54
0.047		7.91 		1288 		82.46		10.64
0.046		7.96 		1304 		90.2 		11.64
0.045		8.01 		1327 		96.06		12.39
0.045		8.05 		1345 		89.04		11.49
0.044		8.1  		1365 		100.3		12.93
0.043		8.14 		1387 		108.1		13.94
0.043		8.18 		1410 		114.1		14.72
0.042		8.23 		1434 		112  		14.45
0.041		8.27 		1455 		99.88		12.88
0.041		8.31 		1473 		115.6		14.91
0.040		8.35 		1500 		122.6		15.82
0.039		8.39 		1520 		103  		13.29
0.039		8.43 		1538 		109  		14.06
0.038		8.47 		1560 		107.4		13.86
0.038		8.51 		1578 		111.3		14.36
0.037		8.55 		1601 		124.6		16.07
0.037		8.58 		1622 		139.6		18.01
0.036		8.62 		1650 		134  		17.28
0.036		8.66 		1669 		112.7		14.54
0.036		8.69 		1689 		139.1		17.95
0.035		8.73 		1716 		123.2		15.9 
0.035		8.76 		1730 		127.5		16.45
0.034		8.8  		1758 		145.5		18.76
0.034		8.83 		1777 		133  		17.15
0.033		8.87 		1801 		119.2		15.37
0.033		8.9  		1815 		125.7		16.22
0.033		8.93 		1841 		130.1		16.78
0.032		8.96 		1856 		147.7		19.06
0.032		9    		1886 		126.3		16.3 
0.032		9.03 		1894 		90.51		11.68
0.031		9.06 		1914 		190.3		24.55
0.031		9.09 		1951 		163.9		21.14
0.031		9.12 		1962 		99.66		12.86
0.030		9.15 		1980 		100.4		12.95
0.030		9.18 		1991 		135.5		17.47
0.030		9.21 		2019 		152.7		19.7 
0.029		9.24 		2034 		117.7		15.18
0.029		9.27 		2052 		129.2		16.67
0.029		9.3  		2070 		119.6		15.43
0.029		9.33 		2085 		131.5		16.96
0.028		9.36 		2107 		159.7		20.6 
0.028		9.39 		2129 		-6215		-801.7
0.138		9.42 		433.9		76.13		9.82 
0.027		9.55 		2229 		6996 		902.4
0.027		9.58 		2232 		116.4		15.02
0.027		9.61 		2259 		-8726		-1126
3.209		9.64 		18.7 		16.86		2.175
0.022		12.8 		2776 		1.351e+04		1742 
0.021		12.9 		2807 		-30.13		-3.886
0.022		12.9 		2770 		-83.26		-10.74
0.022		12.9 		2790 		51.86		6.69 
0.022		12.9 		2780 		-47.03		-6.067
0.022		13   		2780 		-1.875		-0.2419
0.022		13   		2780 		-45.46		-5.864
0.022		13   		2770 		-21.76		-2.807
0.022		13   		2775 		-1.859		-0.2398
0.022		13   		2770 		-103.5		-13.35
0.022		13.1 		2754 		7.381		0.9521
0.022		13.1 		2772 		137.1		17.69
0.022		13.1 		2782 		-83.41		-10.76
0.022		13.1 		2754 		-19.2		-2.477
0.022		13.1 		2778 		-12.25		-1.58
0.022		13.2 		2752 		-47.41		-6.116
0.022		13.2 		2768 		-34.67		-4.473
0.022		13.2 		2745 		-10.39		-1.341
0.022		13.2 		2766 		-11.51		-1.485
0.022		13.3 		2742 		-1.831		-0.2362
0.022		13.3 		2766 		48.58		6.267
0.022		13.3 		2752 		-70.67		-9.117
0.022		13.3 		2751 		12.14		1.566
0.022		13.3 		2755 		-4.245		-0.5475
0.022		13.4 		2750 		-61.04		-7.875
0.022		13.4 		2742 		12.68		1.636
0.022		13.4 		2753 		-52.18		-6.732
0.022		13.4 		2731 		-73.05		-9.424
0.022		13.5 		2738 		37.54		4.842
0.022		13.5 		2739 		19.14		2.469
0.022		13.5 		2742 		8.383		1.081
0.022		13.5 		2741 		-50.74		-6.546
0.022		13.5 		2731 		18.53		2.39 
0.022		13.6 		2745 		-71.07		-9.168
0.022		13.6 		2716 		-23.77		-3.066
0.022		13.6 		2740 		82.84		10.69
0.022		13.6 		2733 		-98.34		-12.69
0.022		13.6 		2719 		7.688		0.9917
0.022		13.7 		2735 		34.21		4.413
0.022		13.7 		2726 		-88.97		-11.48
0.022		13.7 		2716 		-28.72		-3.704
0.022		13.7 		2720 		20.47		2.641
0.022		13.8 		2721 		44.67		5.762
0.022		13.8 		2730 		-30.49		-3.934
0.022		13.8 		2714 		-88.81		-11.46
0.022		13.8 		2711 		-2.904		-0.3747
0.022		13.8 		2714 		5.804		0.7487
0.022		13.9 		2712 		-69.34		-8.945
0.022		13.9 		2699 		59.18		7.635
0.022		13.9 		2725 		37.06		4.781
0.022		13.9 		2707 		-79.59		-10.27
0.022		14   		2708 		-9.804		-1.265
0.022		14   		2705 		-4.037		-0.5208
0.022		14   		2707 		-12.09		-1.559
0.022		14   		2702 		-24.15		-3.115
0.022		14   		2702 		-14.33		-1.849
0.022		14.1 		2699 		-89.36		-11.53
0.022		14.1 		2683 		50.24		6.48 
0.022		14.1 		2710 		40.99		5.287
0.022		14.1 		2692 		-102.7		-13.24
0.022		14.2 		2688 		24.98		3.222
0.022		14.2 		2697 		-11.33		-1.461
0.022		14.2 		2686 		-31.18		-4.022
0.022		14.2 		2690 		6.212		0.8014
0.022		14.2 		2687 		-39.48		-5.092
0.022		14.3 		2682 		-17.44		-2.249
0.022		14.3 		2683 		-20.74		-2.675
0.022		14.3 		2677 		-11.21		-1.445
0.022		14.3 		2681 		6.153		0.7937
0.022		14.4 		2679 		-89.52		-11.55
0.023		14.4 		2662 		-94.84		-12.23
0.023		14.4 		2658 		96.62		12.46
0.022		14.4 		2683 		150.1		19.37
0.022		14.4 		2690 		-187 		-24.12
0.023		14.5 		2643 		-104.8		-13.52
0.022		14.5 		2668 		125.9		16.24
0.022		14.5 		2670 		65   		8.385
0.022		14.5 		2682 		-85.59		-11.04
0.023		14.6 		2651 		53.48		6.899
0.022		14.6 		2693 		-107.6		-13.88
0.023		14.6 		2629 		-137.7		-17.76
0.023		14.6 		2663 		170.4		21.98
0.023		14.7 		2665 		43.59		5.624
0.022		14.7 		2673 		-97.53		-12.58
0.023		14.7 		2644 		-156.2		-20.15
0.023		14.7 		2639 		92.48		11.93
0.023		14.7 		2664 		15.67		2.021
0.023		14.8 		2642 		-17.43		-2.249
0.023		14.8 		2661 		-18.34		-2.366
0.023		14.8 		2638 		72.68		9.376
0.022		14.8 		2676 		-31.35		-4.044
0.023		14.9 		2631 		-136.6		-17.63
0.023		14.9 		2647 		-45.15		-5.824
0.023		14.9 		2622 		75.79		9.777
0.023		14.9 		2663 		34.17		4.408
0.023		14.9 		2629 		-140 		-18.05
0.023		15   		2633 		118.1		15.24
0.023		15   		2655 		-30.97		-3.995
0.023		15   		2626 		-77.57		-10.01
0.023		15   		2638 		97.62		12.59
0.023		15.1 		2647 		-70.32		-9.071
0.023		15.1 		2623 		-128.5		-16.58
0.023		15.1 		2619 		115.3		14.88
0.023		15.1 		2648 		24.88		3.21 
0.023		15.2 		2625 		-188.1		-24.27
0.023		15.2 		2607 		84.69		10.93
0.023		15.2 		2643 		68.83		8.88 
0.023		15.2 		2622 		-53.57		-6.911
0.023		15.2 		2631 		-122.4		-15.79
0.023		15.3 		2595 		-0.5227		-0.06743
0.023		15.3 		2631 		33.6 		4.334
0.023		15.3 		2602 		-541.9		-69.91
0.024		15.3 		2512 		570  		73.53
0.022		15.4 		2732 		550.8		71.06
0.023		15.4 		2628 		-675.4		-87.12
0.023		15.4 		2585 		56.34		7.267
0.023		15.4 		2640 		-22.54		-2.907
0.023		15.4 		2580 		-44.82		-5.782
0.023		15.5 		2630 		49.1 		6.334
0.023		15.5 		2591 		-55.01		-7.096
0.023		15.5 		2618 		-50.9		-6.566
0.023		15.5 		2580 		12.36		1.594
0.023		15.6 		2621 		17.78		2.294
0.023		15.6 		2584 		-25.24		-3.256
0.023		15.6 		2615 		15.76		2.033
0.023		15.6 		2587 		-5958		-768.6
0.046		15.7 		1296 		-3893		-502.2
0.069		15.7 		865.4		1915 		247  
0.023		15.8 		2563 		1923 		248  
0.046		15.8 		1295 		56.48		7.286
0.023		15.8 		2588 		-23.65		-3.05
0.047		15.9 		1290 		-90.07		-11.62
0.024		15.9 		2548 		5864 		756.4
0.023		15.9 		2608 		56.93		7.344
0.023		16   		2561 		-162.9		-21.02
0.023		16   		2572 		33.45		4.316
0.023		16   		2568 		-8.395		-1.083
0.023		16   		2570 		-5736		-739.9
0.047		16.1 		1289 		-20.74		-2.675
0.023		16.1 		2561 		5630 		726.3
0.024		16.1 		2549 		-9.718		-1.254
0.023		16.1 		2559 		56.38		7.273
0.023		16.2 		2562 		7.323		0.9446
0.023		16.2 		2560 		18.6 		2.4  
0.023		16.2 		2566 		15.19		1.959
0.023		16.2 		2564 		-62.5		-8.063
0.024		16.3 		2552 		-45.2		-5.83
0.023		16.3 		2554 		-24.62		-3.176
0.024		16.3 		2546 		-7.723		-0.9963
0.024		16.3 		2552 		-34.55		-4.457
0.024		16.4 		2539 		56.55		7.294
0.023		16.4 		2565 		-27.82		-3.588
0.024		16.4 		2532 		-88.46		-11.41
0.024		16.4 		2545 		-7.59		-0.9791
0.024		16.5 		2531 		13.84		1.785
0.024		16.5 		2548 		73.57		9.491
0.024		16.5 		2547 		-33.57		-4.33
0.024		16.5 		2540 		1.439		0.1856
0.024		16.5 		2548 		-1.434		-0.185
0.024		16.6 		2540 		-89.9		-11.6
0.024		16.6 		2527 		-33.1		-4.27
0.024		16.6 		2532 		27.36		3.529
0.024		16.6 		2533 		-35.8		-4.619
0.024		16.7 		2524 		0.9427		0.1216
0.024		16.7 		2534 		52.37		6.756
0.024		16.7 		2536 		-57.48		-7.415
0.024		16.7 		2521 		-57.71		-7.444
0.024		16.8 		2523 		36.02		4.647
0.024		16.8 		2529 		6.56 		0.8462
0.024		16.8 		2525 		-43.04		-5.552
0.024		16.8 		2519 		-38.63		-4.983
0.024		16.9 		2516 		-21.78		-2.81
0.024		16.9 		2514 		-54.81		-7.07
0.024		16.9 		2503 		13.83		1.783
0.024		16.9 		2517 		1.377		0.1776
0.024		16.9 		2504 		24.51		3.162
0.024		17   		2523 		29.98		3.867
0.024		17   		2510 		-110.9		-14.31
0.024		17   		2498 		-34.69		-4.475
0.024		17   		2502 		92.04		11.87
0.024		17.1 		2519 		-29.74		-3.837
0.024		17.1 		2496 		-57.72		-7.446
0.024		17.1 		2505 		-13.15		-1.696
0.024		17.1 		2493 		94.57		12.2 
0.024		17.2 		2527 		-83.4		-10.76
0.024		17.2 		2474 		-117.7		-15.19
0.024		17.2 		2500 		114.2		14.73
0.024		17.2 		2500 		-66.4		-8.565
0.024		17.3 		2485 		-41.4		-5.34
0.024		17.3 		2490 		57.55		7.424
0.024		17.3 		2498 		16.7 		2.154
0.024		17.3 		2494 		-87.12		-11.24
0.024		17.4 		2478 		-37.98		-4.899
0.024		17.4 		2485 		2.22 		0.2864
0.024		17.4 		2478 		34.4 		4.438
0.024		17.4 		2493 		31.72		4.092
0.024		17.5 		2486 		-93.14		-12.01
0.024		17.5 		2472 		0    		0    
0.024		17.5 		2486 		15.49		1.998
0.024		17.5 		2475 		-26.19		-3.378
0.024		17.5 		2480 		-63.27		-8.162
0.024		17.6 		2461 		25.15		3.244
0.024		17.6 		2486 		-1.313		-0.1694
0.024		17.6 		2461 		-32.18		-4.151
0.024		17.6 		2478 		27.56		3.556
0.024		17.7 		2467 		-9.245		-1.193
0.024		17.7 		2476 		-38.43		-4.957
0.024		17.7 		2458 		-67.94		-8.764
0.024		17.7 		2460 		36.88		4.757
0.024		17.8 		2467 		49.73		6.416
0.024		17.8 		2472 		-51.37		-6.626
0.024		17.8 		2455 		-7.41		-0.9559
0.024		17.8 		2470 		-51.69		-6.669
0.025		17.9 		2443 		-29.39		-3.792
0.024		17.9 		2463 		47.23		6.093
0.024		17.9 		2454 		-33.23		-4.287
0.024		17.9 		2455 		-32.15		-4.147
0.025		18   		2446 		30.11		3.884
0.024		18   		2462 		-29.06		-3.749
0.025		18   		2439 		-24.89		-3.211
0.024		18   		2456 		0    		0    
0.025		18.1 		2439 		0.4282		0.05524
0.024		18.1 		2456 		1.701		0.2195
0.025		18.1 		2440 		3.856		0.4974
0.024		18.1 		2457 		-116.1		-14.98
0.025		18.2 		2413 		46.83		6.041
0.024		18.2 		2469 		37.34		4.816
0.025		18.2 		2421 		-49.13		-6.337
0.024		18.2 		2457 		15.11		1.949
0.025		18.3 		2425 		-47.05		-6.069
0.025		18.3 		2446 		-10.03		-1.294
0.025		18.3 		2423 		35.53		4.584
0.024		18.3 		2454 		-42.14		-5.437
0.025		18.4 		2413 		-57.17		-7.375
0.025		18.4 		2441 		18.63		2.403
0.025		18.4 		2417 		-41.71		-5.381
0.025		18.4 		2431 		61.92		7.988
0.025		18.5 		2432 		-33.74		-4.353
0.025		18.5 		2423 		-33.65		-4.34
0.025		18.5 		2424 		-19  		-2.451
0.025		18.5 		2418 		4.961		0.64 
0.025		18.6 		2425 		0.4125		0.05322
0.025		18.6 		2418 		2.896		0.3736
0.025		18.6 		2426 		28.55		3.683
0.025		18.6 		2425 		-70.08		-9.04
0.025		18.7 		2409 		-11.94		-1.54
0.025		18.7 		2422 		-22.03		-2.842
0.025		18.7 		2404 		18.08		2.333
0.025		18.7 		2427 		55.78		7.195
0.025		18.8 		2417 		-110.6		-14.26
0.025		18.8 		2400 		-54.37		-7.013
0.025		18.8 		2404 		81.65		10.53
0.025		18.8 		2420 		14.67		1.892
0.025		18.9 		2408 		-121.6		-15.68
0.025		18.9 		2391 		7.261		0.9367
0.025		18.9 		2409 		45.88		5.918
0.025		18.9 		2402 		-43.61		-5.626
0.025		19   		2399 		-4.828		-0.6228
0.025		19   		2401 		-36.44		-4.7 
0.025		19   		2390 		-37.52		-4.841
0.025		19   		2392 		27.1 		3.496
0.025		19.1 		2397 		8.781		1.133
0.025		19.1 		2394 		17.63		2.274
0.025		19.1 		2401 		-23.16		-2.987
0.025		19.1 		2388 		-23.97		-3.092
0.025		19.2 		2395 		-4.369		-0.5636
0.025		19.2 		2387 		-25.03		-3.229
0.025		19.2 		2389 		24.22		3.124
0.025		19.2 		2393 		-71.01		-9.16
0.025		19.3 		2372 		-9.08		-1.171
0.025		19.3 		2391 		39.68		5.119
0.025		19.3 		2382 		25.41		3.278
0.025		19.3 		2397 		-55.06		-7.103
0.025		19.4 		2368 		-54.72		-7.058
0.025		19.4 		2384 		20.66		2.665
0.025		19.4 		2373 		11   		1.419
0.025		19.4 		2386 		1.564		0.2018
0.025		19.5 		2374 		-44.24		-5.706
0.025		19.5 		2376 		-38.01		-4.904
0.025		19.5 		2365 		42.11		5.432
0.025		19.5 		2386 		-11.63		-1.5 
0.025		19.6 		2362 		-43.99		-5.675
0.025		19.6 		2375 		25.89		3.34 
0.025		19.6 		2368 		-1.943		-0.2506
0.025		19.6 		2375 		-39.35		-5.077
0.025		19.7 		2359 		-29.32		-3.782
0.025		19.7 		2368 		36.15		4.663
0.025		19.7 		2367 		-71.66		-9.244
0.026		19.7 		2350 		24.97		3.221
0.025		19.8 		2373 		27.15		3.503
0.025		19.8 		2357 		-32.72		-4.22
0.025		19.8 		2365 		-61.53		-7.937
0.026		19.8 		2342 		31.36		4.045
0.025		19.9 		2373 		14.41		1.859
0.026		19.9 		2345 		-153.2		-19.76
0.026		19.9 		2336 		70.79		9.131
0.025		19.9 		2363 		91.22		11.77
0.025		20   		2358 		-48.39		-6.242
0.026		20   		2351 		-43.53		-5.615
0.026		20   		2347 		-20.34		-2.623
0.026		20   		2346 		-4.51		-0.5818
0.026		20.1 		2346 		24.1 		3.109
0.026		20.1 		2352 		18.11		2.336
0.026		20.1 		2351 		-62.75		-8.095
0.026		20.1 		2337 		-83.39		-10.76
0.026		20.2 		2330 		74.97		9.671
0.025		20.2 		2355 		6.7  		0.8643
0.026		20.2 		2332 		-87.23		-11.25
0.026		20.2 		2334 		23.31		3.007
0.026		20.3 		2337 		12.98		1.674
0.026		20.3 		2337 		-15.2		-1.961
0.026		20.3 		2334 		3.708		0.4784
0.026		20.3 		2338 		-15.53		-2.003
0.026		20.4 		2330 		-25.49		-3.288
0.026		20.4 		2331 		-9.195		-1.186
0.026		20.4 		2328 		0.7361		0.09496
0.026		20.4 		2332 		-75.1		-9.688
0.026		20.5 		2309 		64.34		8.3  
0.026		20.5 		2348 		18.97		2.448
0.026		20.5 		2314 		-90.38		-11.66
0.026		20.6 		2325 		-2.896		-0.3736
0.026		20.6 		2313 		11.66		1.504
0.026		20.6 		2328 		12.7 		1.638
0.026		20.6 		2316 		-2.921		-0.3768
0.026		20.7 		2327 		-5.445		-0.7024
0.026		20.7 		2315 		-74.9		-9.662
0.026		20.7 		2309 		12.25		1.581
0.026		20.7 		2318 		59.32		7.652
0.026		20.8 		2324 		-26.8		-3.457
0.026		20.8 		2311 		-39.76		-5.129
0.026		20.8 		2314 		-16.15		-2.084
0.026		20.8 		2307 		-24.72		-3.189
0.026		20.9 		2308 		-33.12		-4.272
0.026		20.9 		2299 		2.137		0.2757
0.026		20.9 		2308 		25.27		3.259
0.026		20.9 		2305 		32.62		4.208
0.026		21   		2316 		-33.89		-4.372
0.026		21   		2297 		-65.84		-8.494
0.026		21   		2300 		27.26		3.516
0.026		21   		2304 		9.579		1.236
0.026		21.1 		2302 		-14.19		-1.831
0.026		21.1 		2300 		-20.88		-2.693
0.026		21.1 		2297 		-12  		-1.549
0.026		21.1 		2297 		-23.91		-3.085
0.026		21.2 		2291 		-24.2		-3.122
0.026		21.2 		2291 		41.82		5.394
0.026		21.2 		2301 		10.2 		1.316
0.026		21.3 		2294 		-48.51		-6.258
0.026		21.3 		2289 		-10.5		-1.354
0.026		21.3 		2291 		-1.397		-0.1802
0.026		21.3 		2289 		-0.3495		-0.04508
0.026		21.4 		2291 		18.19		2.347
0.026		21.4 		2293 		-15.38		-1.984
0.026		21.4 		2287 		-9.789		-1.263
0.026		21.4 		2291 		-18.44		-2.379
0.026		21.5 		2283 		-32.99		-4.256
0.026		21.5 		2283 		6.232		0.8039
0.026		21.5 		2284 		-39.99		-5.158
0.026		21.5 		2273 		10.01		1.292
0.026		21.6 		2287 		37.95		4.896
0.026		21.6 		2282 		-39.75		-5.127
0.026		21.6 		2277 		5.177		0.6679
0.026		21.6 		2284 		-84.59		-10.91
0.027		21.7 		2255 		-11.96		-1.543
0.026		21.7 		2281 		73.49		9.48 
0.026		21.7 		2274 		-53.69		-6.926
0.026		21.8 		2267 		12.98		1.674
0.026		21.8 		2277 		-13.26		-1.71
0.027		21.8 		2264 		-13.64		-1.759
0.026		21.8 		2274 		50.1 		6.463
0.026		21.9 		2276 		-48.69		-6.281
0.027		21.9 		2262 		-26.85		-3.463
0.026		21.9 		2269 		-2.7 		-0.3483
0.027		21.9 		2261 		-17.58		-2.268
0.026		22   		2265 		27.36		3.53 
0.026		22   		2268 		-68.18		-8.795
0.027		22   		2248 		5.383		0.6944
0.026		22   		2269 		20.05		2.587
0.027		22.1 		2253 		-72.29		-9.326
0.027		22.1 		2251 		-46.61		-6.012
0.027		22.1 		2241 		130  		16.77
0.026		22.2 		2284 		8.015		1.034
0.027		22.2 		2243 		-101 		-13.02
0.027		22.2 		2258 		8.601		1.109
0.027		22.2 		2245 		9.335		1.204
0.027		22.3 		2261 		26.93		3.474
0.027		22.3 		2252 		-78.64		-10.14
0.027		22.3 		2241 		-56.49		-7.287
0.027		22.3 		2238 		37.41		4.826
0.027		22.4 		2250 		-9.493		-1.225
0.027		22.4 		2235 		-1.646		-0.2123
0.027		22.4 		2250 		-16.97		-2.189
0.027		22.4 		2231 		-33.05		-4.263
0.027		22.5 		2241 		68.67		8.858
0.027		22.5 		2248 		-3.941		-0.5083
0.027		22.5 		2240 		-29.22		-3.77
0.027		22.6 		2241 		-3.597		-0.464
0.027		22.6 		2239 		-41.99		-5.417
0.027		22.6 		2230 		-44.98		-5.803
0.027		22.6 		2228 		-15.44		-1.992
0.027		22.7 		2226 		17.39		2.243
0.027		22.7 		2232 		63.53		8.196
0.027		22.7 		2242 		-30.77		-3.969
0.027		22.7 		2224 		-49.82		-6.427
0.027		22.8 		2230 		6.101		0.7871
0.027		22.8 		2226 		-35.9		-4.631
0.027		22.8 		2220 		11.86		1.53 
0.027		22.8 		2229 		-23.91		-3.084
0.027		22.9 		2214 		-42.35		-5.464
0.027		22.9 		2218 		18.7 		2.413
0.027		22.9 		2219 		39.88		5.145
0.027		23   		2228 		3.193		0.4119
0.027		23   		2220 		-6.728		-0.8679
0.027		23   		2227 		-56.44		-7.281
0.027		23   		2205 		-39.26		-5.064
0.027		23.1 		2216 		40.64		5.243
0.027		23.1 		2216 		-29.98		-3.867
0.027		23.1 		2209 		-27.98		-3.61
0.027		23.1 		2209 		4.076		0.5258
0.027		23.2 		2210 		14.13		1.823
0.027		23.2 		2212 		-19.12		-2.467
0.027		23.2 		2205 		7.54 		0.9727
0.027		23.3 		2214 		-30.88		-3.984
0.027		23.3 		2197 		26.08		3.365
0.027		23.3 		2221 		-36.32		-4.686
0.027		23.3 		2187 		-44.03		-5.68
0.027		23.4 		2210 		44.83		5.783
0.027		23.4 		2199 		0    		0    
0.027		23.4 		2210 		-3.728		-0.4809
0.027		23.4 		2198 		-63.2		-8.153
0.027		23.5 		2193 		-9.851		-1.271
0.027		23.5 		2195 		3.38 		0.436
0.027		23.5 		2194 		-23.31		-3.007
0.027		23.6 		2189 		4.601		0.5935
0.027		23.6 		2195 		-31.71		-4.091
0.028		23.6 		2181 		-5.805		-0.7488
0.027		23.6 		2194 		33.83		4.364
0.027		23.7 		2190 		-37.54		-4.842
0.027		23.7 		2184 		-42.13		-5.435
0.028		23.7 		2179 		-18.4		-2.373
0.028		23.7 		2179 		53.3 		6.876
0.027		23.8 		2193 		-27.47		-3.544
0.028		23.8 		2172 		-23.63		-3.048
0.027		23.8 		2187 		25.88		3.339
0.028		23.9 		2179 		-40.11		-5.174
0.028		23.9 		2176 		-16.19		-2.089
0.028		23.9 		2174 		-10.77		-1.389
0.028		23.9 		2173 		-12.53		-1.617
0.028		24   		2171 		-14.29		-1.844
0.028		24   		2170 		11.62		1.499
0.028		24   		2174 		7.448		0.9608
0.028		24   		2171 		-38.93		-5.021
0.028		24.1 		2164 		7.427		0.958
0.028		24.1 		2173 		0.8881		0.1146
0.028		24.1 		2164 		-14.25		-1.838
0.028		24.2 		2170 		-31.21		-4.026
0.028		24.2 		2156 		-9.436		-1.217
0.028		24.2 		2167 		0.879		0.1134
0.028		24.2 		2156 		-11.77		-1.518
0.028		24.3 		2164 		-19.85		-2.561
0.028		24.3 		2151 		-21.62		-2.789
0.028		24.3 		2158 		16.59		2.14 
0.028		24.4 		2155 		-6.711		-0.8657
0.028		24.4 		2156 		-44.91		-5.794
0.028		24.4 		2143 		-9.267		-1.195
0.028		24.4 		2154 		-6.614		-0.8532
0.028		24.5 		2141 		6.364		0.8209
0.028		24.5 		2156 		22.2 		2.864
0.028		24.5 		2147 		-45.32		-5.846
0.028		24.5 		2144 		-4.023		-0.519
0.028		24.6 		2146 		0    		0    
0.028		24.6 		2144 		-20.91		-2.698
0.028		24.6 		2141 		-27.66		-3.568
0.028		24.7 		2136 		-11.94		-1.541
0.028		24.7 		2138 		6.247		0.8059
0.028		24.7 		2138 		3.411		0.44 
0.028		24.7 		2138 		-3.41		-0.4399
0.028		24.8 		2137 		-22.96		-2.962
0.028		24.8 		2132 		-5.661		-0.7303
0.028		24.8 		2135 		-33.19		-4.281
0.028		24.9 		2123 		6.766		0.8728
0.028		24.9 		2137 		15.45		1.993
0.028		24.9 		2128 		-41.34		-5.333
0.028		24.9 		2126 		-12.58		-1.622
0.028		25   		2124 		-8.371		-1.08
0.028		25   		2124 		6.975		0.8998
0.028		25   		2126 		5.025		0.6482
0.028		25.1 		2125 		-33.94		-4.379
0.028		25.1 		2117 		-1.668		-0.2152
0.028		25.1 		2125 		-6.918		-0.8924
0.028		25.1 		2115 		-29.61		-3.819
0.028		25.2 		2117 		-0.8262		-0.1066
0.028		25.2 		2115 		4.965		0.6404
0.028		25.2 		2118 		-34.02		-4.389
0.028		25.3 		2106 		-7.138		-0.9208
0.028		25.3 		2116 		26.56		3.427
0.028		25.3 		2113 		-88.16		-11.37
0.029		25.3 		2092 		31.37		4.047
0.028		25.4 		2121 		70.33		9.072
0.028		25.4 		2111 		-59.79		-7.713
0.029		25.4 		2105 		-24.49		-3.159
0.029		25.5 		2105 		14.68		1.893
0.028		25.5 		2109 		-33.28		-4.293
0.029		25.5 		2096 		-26.48		-3.416
0.029		25.5 		2102 		0.8056		0.1039
0.029		25.6 		2096 		-38.06		-4.909
0.029		25.6 		2091 		32.74		4.223
0.029		25.6 		2105 		0    		0    
0.029		25.7 		2091 		-22.04		-2.843
0.029		25.7 		2099 		11.23		1.449
0.029		25.7 		2095 		-65.72		-8.478
0.029		25.7 		2081 		-16.16		-2.085
0.029		25.8 		2090 		62.1 		8.011
0.029		25.8 		2098 		-17.02		-2.196
0.029		25.8 		2085 		-44.32		-5.718
0.029		25.9 		2086 		-7.117		-0.9181
0.029		25.9 		2083 		-8.426		-1.087
0.029		25.9 		2083 		-9.721		-1.254
0.029		25.9 		2081 		3.154		0.4068
0.029		26   		2084 		-22.77		-2.937
0.029		26   		2075 		-4.192		-0.5407
0.029		26   		2083 		-29.87		-3.853
0.029		26.1 		2066 		21.18		2.733
0.029		26.1 		2089 		20.55		2.651
0.029		26.1 		2072 		-49.38		-6.37
0.029		26.1 		2075 		-6.732		-0.8684
0.029		26.2 		2070 		-27.13		-3.5 
0.029		26.2 		2068 		22.49		2.901
0.029		26.2 		2076 		-20.09		-2.591
0.029		26.3 		2062 		-23.97		-3.093
0.029		26.3 		2070 		3.33 		0.4295
0.029		26.3 		2063 		-45.22		-5.834
0.029		26.3 		2057 		18.13		2.338
0.029		26.4 		2068 		22.73		2.932
0.029		26.4 		2063 		-16.91		-2.181
0.029		26.4 		2063 		-26.48		-3.416
0.029		26.5 		2056 		-5.598		-0.7221
0.029		26.5 		2062 		-22.5		-2.902
0.029		26.5 		2050 		-30.04		-3.875
0.029		26.5 		2053 		21.4 		2.76 
0.029		26.6 		2056 		-8.815		-1.137
0.029		26.6 		2051 		1.765		0.2277
0.029		26.6 		2056 		4.532		0.5846
0.029		26.7 		2052 		-42.41		-5.471
0.029		26.7 		2044 		-25.96		-3.348
0.029		26.7 		2045 		26.7 		3.444
0.029		26.8 		2052 		-0.2496		-0.0322
0.029		26.8 		2045 		-25.21		-3.252
0.029		26.8 		2045 		-16.13		-2.081
0.029		26.8 		2040 		-13.38		-1.726
0.029		26.9 		2041 		-2.718		-0.3506
0.029		26.9 		2040 		-29.05		-3.747
0.030		26.9 		2033 		6.648		0.8576
0.029		27   		2042 		2.21 		0.285
0.030		27   		2034 		-17.46		-2.253
0.029		27   		2037 		4.903		0.6325
0.029		27   		2035 		-30.8		-3.974
0.030		27.1 		2028 		-9.027		-1.164
0.030		27.1 		2032 		27.09		3.494
0.029		27.1 		2036 		-32.87		-4.24
0.030		27.2 		2023 		-22.85		-2.947
0.030		27.2 		2029 		-13.02		-1.68
0.030		27.2 		2019 		-2.901		-0.3742
0.030		27.3 		2028 		20.03		2.583
0.030		27.3 		2025 		-19.82		-2.556
0.030		27.3 		2023 		-16.61		-2.143
0.030		27.3 		2020 		-29.45		-3.799
0.030		27.4 		2014 		0.4784		0.06171
0.030		27.4 		2021 		11.94		1.541
0.030		27.4 		2018 		-23.64		-3.05
0.030		27.5 		2014 		-22.11		-2.852
0.030		27.5 		2011 		-3.795		-0.4895
0.030		27.5 		2013 		4.741		0.6115
0.030		27.6 		2013 		-18.22		-2.35
0.030		27.6 		2008 		-16.05		-2.071
0.030		27.6 		2008 		-10.34		-1.334
0.030		27.6 		2005 		-3.526		-0.4548
0.030		27.7 		2007 		11.28		1.455
0.030		27.7 		2008 		-19.48		-2.512
0.030		27.7 		2002 		-22.23		-2.867
0.030		27.8 		2001 		9.81 		1.266
0.030		27.8 		2004 		-7.699		-0.9932
0.030		27.8 		1999 		-37.42		-4.827
0.030		27.9 		1994 		7.193		0.9279
0.030		27.9 		2001 		-35.91		-4.633
0.030		27.9 		1983 		-17.52		-2.26
0.030		27.9 		1996 		26.14		3.372
0.030		28   		1991 		-5.535		-0.714
0.030		28   		1995 		2.301		0.2968
0.030		28   		1992 		-33.95		-4.379
0.030		28.1 		1985 		-0.687		-0.08862
0.030		28.1 		1991 		-14.58		-1.88
0.030		28.1 		1981 		-34.56		-4.458
0.030		28.2 		1981 		12.01		1.549
0.030		28.2 		1984 		7.486		0.9657
0.030		28.2 		1984 		-16.54		-2.134
0.030		28.2 		1979 		-13.11		-1.692
0.030		28.3 		1980 		31.74		4.094
0.030		28.3 		1989 		-37.88		-4.886
0.030		28.3 		1969 		-42.76		-5.516
0.030		28.4 		1976 		17.65		2.277
0.030		28.4 		1974 		-2.242		-0.2892
0.030		28.4 		1976 		-2.462		-0.3176
0.030		28.5 		1973 		-6.937		-0.8949
0.030		28.5 		1973 		-44.19		-5.701
0.031		28.5 		1960 		9.118		1.176
0.030		28.5 		1976 		-5.077		-0.655
0.031		28.6 		1959 		-28.14		-3.631
0.030		28.6 		1968 		25.14		3.243
0.031		28.6 		1966 		-29.33		-3.784
0.031		28.7 		1959 		-11.44		-1.476
0.031		28.7 		1963 		-22.29		-2.875
0.031		28.7 		1953 		1.532		0.1977
0.031		28.8 		1963 		1.743		0.2248
0.031		28.8 		1953 		-39.19		-5.056
0.031		28.8 		1952 		10.85		1.4  
0.031		28.9 		1957 		3.471		0.4478
0.031		28.9 		1953 		-27.29		-3.52
0.031		28.9 		1949 		3.028		0.3906
0.031		28.9 		1954 		-1.294		-0.167
0.031		29   		1948 		-20.06		-2.587
0.031		29   		1948 		-5.157		-0.6653
0.031		29   		1947 		-4.08		-0.5263
0.031		29.1 		1947 		-17.34		-2.236
0.031		29.1 		1942 		-27.07		-3.492
0.031		29.1 		1939 		27.54		3.552
0.031		29.2 		1950 		-1.705		-0.2199
0.031		29.2 		1938 		-47.66		-6.148
0.031		29.2 		1936 		3.598		0.4641
0.031		29.3 		1939 		3.595		0.4637
0.031		29.3 		1937 		-32.25		-4.161
0.031		29.3 		1930 		0.8423		0.1087
0.031		29.3 		1937 		6.931		0.8941
0.031		29.4 		1932 		-36.06		-4.652
0.031		29.4 		1926 		-3.135		-0.4044
0.031		29.4 		1931 		32.04		4.133
0.031		29.5 		1936 		-12.15		-1.568
0.031		29.5 		1927 		-49.61		-6.4 
0.031		29.5 		1921 		-4.563		-0.5886
0.031		29.6 		1926 		7.036		0.9077
0.031		29.6 		1923 		-17.59		-2.269
0.031		29.6 		1921 		5.583		0.7203
0.031		29.7 		1925 		1.239		0.1599
0.031		29.7 		1921 		-34.8		-4.489
0.031		29.7 		1914 		-14.56		-1.878
0.031		29.8 		1917 		12.9 		1.664
0.031		29.8 		1918 		9.648		1.245
0.031		29.8 		1920 		-5.953		-0.7679
0.031		29.8 		1916 		-37.37		-4.821
0.031		29.9 		1908 		-20.53		-2.648
0.031		29.9 		1910 		21.32		2.75 
0.031		29.9 		1915 		-7.106		-0.9166
0.031		30   		1908 		-8.332		-1.075
0.031		30   		1912 		-4.655		-0.6005
0.031		30   		1907 		-27.26		-3.517
0.032		30.1 		1904 		-14.67		-1.892
0.032		30.1 		1902 		-24.38		-3.145
0.032		30.1 		1897 		20.83		2.688
0.031		30.2 		1909 		16.42		2.118
0.032		30.2 		1902 		-38.46		-4.961
0.032		30.2 		1897 		-12.75		-1.644
0.032		30.3 		1898 		16.93		2.184
0.032		30.3 		1902 		-20.06		-2.588
0.032		30.3 		1892 		-19.45		-2.509
0.032		30.3 		1896 		10.88		1.403
0.032		30.4 		1895 		-17.59		-2.269
0.032		30.4 		1891 		-10.45		-1.348
0.032		30.4 		1892 		-7.076		-0.9128
0.032		30.5 		1889 		-9.229		-1.191
0.032		30.5 		1889 		-30.24		-3.901
0.032		30.5 		1880 		-5.458		-0.7041
0.032		30.6 		1887 		21.61		2.787
0.032		30.6 		1886 		-42.9		-5.534
0.032		30.6 		1874 		4.076		0.5258
0.032		30.7 		1887 		19.54		2.521
0.032		30.7 		1880 		-32.18		-4.151
0.032		30.7 		1878 		-14.06		-1.814
0.032		30.8 		1876 		14.85		1.916
0.032		30.8 		1882 		-0.7706		-0.09941
0.032		30.8 		1876 		-27.52		-3.55
0.032		30.9 		1874 		-21.02		-2.712
0.032		30.9 		1869 		6.115		0.7889
0.032		30.9 		1876 		9.739		1.256
0.032		31   		1872 		-34.49		-4.449
0.032		31   		1865 		-19.34		-2.495
0.032		31   		1866 		3.401		0.4388
0.032		31.1 		1866 		-1.89		-0.2438
0.032		31.1 		1866 		-20.72		-2.673
0.032		31.1 		1860 		5.655		0.7295
0.032		31.1 		1868 		15.82		2.041
0.032		31.2 		1865 		-28.99		-3.74
0.032		31.2 		1859 		-21.91		-2.827
0.032		31.2 		1858 		8.787		1.134
0.032		31.3 		1861 		-13.05		-1.684
0.032		31.3 		1854 		-19.37		-2.498
0.032		31.3 		1855 		-1.669		-0.2153
0.032		31.4 		1853 		-12.78		-1.648
0.032		31.4 		1851 		-5.914		-0.7629
0.032		31.4 		1852 		11.84		1.527
0.032		31.5 		1855 		-19.54		-2.521
0.033		31.5 		1845 		-35.81		-4.619
0.033		31.5 		1844 		-1.461		-0.1885
0.033		31.6 		1845 		-7.472		-0.9639
0.033		31.6 		1842 		-20.35		-2.626
0.033		31.6 		1839 		-4.531		-0.5846
0.033		31.7 		1840 		-3.256		-0.42
0.033		31.7 		1838 		-25.41		-3.278
0.033		31.7 		1832 		-14.9		-1.922
0.033		31.8 		1833 		-5.544		-0.7152
0.033		31.8 		1831 		-17.48		-2.255
0.033		31.8 		1828 		-31.01		-4   
0.033		31.9 		1821 		-24.13		-3.113
0.033		31.9 		1820 		-15.4		-1.987
0.033		31.9 		1816 		-24.91		-3.214
0.033		32   		1812 		-34.9		-4.502
0.033		32   		1805 		-15.65		-2.018
0.033		32   		1807 		-38.95		-5.024
0.033		32.1 		1793 		-25.93		-3.346
0.033		32.1 		1799 		-4.368		-0.5635
0.033		32.1 		1791 		-30.69		-3.958
0.034		32.2 		1789 		-24.27		-3.131
0.034		32.2 		1783 		-32.35		-4.174
0.034		32.2 		1779 		-27.18		-3.507
0.034		32.3 		1775 		-34.73		-4.48
0.034		32.3 		1767 		-36.51		-4.71
0.034		32.3 		1763 		-6.56		-0.8462
0.034		32.4 		1765 		-45.73		-5.899
0.034		32.4 		1748 		-36.51		-4.71
0.034		32.4 		1753 		-35.3		-4.553
0.035		32.5 		1736 		-55.93		-7.214
0.035		32.5 		1735 		-27.7		-3.573
0.035		32.5 		1727 		-54.18		-6.989
0.035		32.6 		1717 		-41.54		-5.358
0.035		32.6 		1713 		-21.51		-2.774
0.035		32.6 		1710 		-47.88		-6.176
0.035		32.7 		1697 		-45.48		-5.867
0.035		32.7 		1694 		-26.7		-3.444
0.036		32.7 		1688 		-44.85		-5.786
0.036		32.8 		1679 		-38.96		-5.025
0.036		32.8 		1675 		-33.7		-4.347
0.036		32.9 		1668 		-40.49		-5.224
0.036		32.9 		1661 		-37.73		-4.867
0.036		32.9 		1655 		-43.17		-5.569
0.036		33   		1646 		-40.3		-5.198
0.037		33   		1641 		-38.48		-4.964
0.037		33   		1633 		-35.77		-4.615
0.037		33.1 		1628 		-34.71		-4.478
0.037		33.1 		1621 		-31.15		-4.018
0.037		33.1 		1617 		-33.72		-4.35
0.037		33.2 		1609 		-49.14		-6.338
0.038		33.2 		1599 		-41.63		-5.37
0.038		33.3 		1594 		-21.83		-2.817
0.038		33.3 		1592 		-27.46		-3.543
0.038		33.3 		1584 		-43.11		-5.561
0.038		33.4 		1576 		-56.19		-7.249
0.038		33.4 		1563 		-14.3		-1.844
0.038		33.4 		1571 		-10.36		-1.337
0.038		33.5 		1560 		-34.97		-4.512
0.039		33.5 		1558 		-18.55		-2.393
0.039		33.6 		1553 		-16.38		-2.113
0.039		33.6 		1552 		-14.54		-1.875
0.039		33.6 		1547 		-8.547		-1.103
0.039		33.7 		1549 		-8.29		-1.069
0.039		33.7 		1544 		-10.43		-1.345
0.039		33.8 		1545 		-2.678		-0.3454
0.039		33.8 		1543 		-12.92		-1.667
0.039		33.8 		1540 		-8.732		-1.126
0.039		33.9 		1540 		2.445		0.3155
0.039		33.9 		1541 		4.257		0.5492
0.039		33.9 		1542 		-15.91		-2.053
0.039		34   		1535 		-15.44		-1.991
0.039		34   		1536 		6.644		0.857
0.039		34.1 		1538 		-0.9494		-0.1225
0.039		34.1 		1536 		-8.431		-1.088
0.039		34.1 		1534 		-24.69		-3.185
0.039		34.2 		1526 		-1.672		-0.2157
0.039		34.2 		1534 		14.5 		1.87 
0.039		34.3 		1532 		-15.25		-1.967
0.039		34.3 		1528 		-12.27		-1.583
0.039		34.3 		1527 		-3.627		-0.4679
0.039		34.4 		1527 		-4.862		-0.6272
0.039		34.4 		1525 		-1.241		-0.16
0.039		34.5 		1526 		-3.922		-0.5059
0.039		34.5 		1524 		-6.598		-0.8511
0.039		34.5 		1524 		-6.372		-0.822
0.039		34.6 		1521 		-7.693		-0.9923
0.039		34.6 		1521 		-5.421		-0.6993
0.039		34.7 		1519 		-3.269		-0.4217
0.039		34.7 		1520 		-4.384		-0.5655
0.040		34.7 		1518 		-4.786		-0.6174
0.040		34.8 		1518 		-4.47		-0.5767
0.040		34.8 		1516 		-6.695		-0.8636
0.040		34.9 		1515 		-6.07		-0.783
0.040		34.9 		1514 		-4.948		-0.6383
0.040		34.9 		1513 		-4.233		-0.546
0.040		35   		1512 		-11.25		-1.452
0.040		35   		1509 		4.12 		0.5315
0.040		35.1 		1514 		-6.608		-0.8525
0.040		35.1 		1507 		-7.718		-0.9956
0.040		35.1 		1511 		-5.281		-0.6812
0.040		35.2 		1505 		-12.75		-1.644
0.040		35.2 		1506 		6.457		0.833
0.040		35.3 		1507 		-4.469		-0.5765
0.040		35.3 		1504 		-12.09		-1.559
0.040		35.3 		1503 		4.456		0.5748
0.040		35.4 		1506 		-7.206		-0.9296
0.040		35.4 		1500 		-20.96		-2.704
0.040		35.4 		1498 		2.648		0.3416
0.040		35.5 		1501 		3.922		0.506
0.040		35.5 		1499 		-12.34		-1.592
0.040		35.6 		1496 		-4.789		-0.6177
0.040		35.6 		1498 		3.807		0.491
0.040		35.7 		1498 		-10.33		-1.332
0.040		35.7 		1494 		-5.935		-0.7656
0.040		35.7 		1495 		4.177		0.5389
0.040		35.8 		1495 		-12.41		-1.601
0.040		35.8 		1490 		-12.27		-1.583
0.040		35.9 		1491 		5.305		0.6844
0.040		35.9 		1493 		-0.9644		-0.1244
0.040		35.9 		1490 		-8.671		-1.119
0.040		36   		1489 		-6.243		-0.8053
0.040		36   		1488 		-4.027		-0.5195
0.040		36.1 		1488 		-6.025		-0.7773
0.040		36.1 		1485 		-6.301		-0.8129
0.040		36.1 		1485 		-5.426		-0.7 
0.040		36.2 		1483 		-7.41		-0.9559
0.040		36.2 		1482 		-0.7589		-0.0979
0.040		36.3 		1483 		-0.853		-0.11
0.040		36.3 		1482 		-5.965		-0.7694
0.041		36.3 		1481 		-10.38		-1.339
0.041		36.4 		1478 		-7.715		-0.9952
0.041		36.4 		1478 		-7.778		-1.003
0.041		36.5 		1475 		-5.52		-0.7121
0.041		36.5 		1476 		5.799		0.7481
0.041		36.5 		1477 		-3.459		-0.4462
0.041		36.6 		1474 		-13.43		-1.732
0.041		36.6 		1472 		-2.046		-0.264
0.041		36.7 		1474 		0.09288		0.01198
0.041		36.7 		1472 		-12.23		-1.578
0.041		36.7 		1469 		3.707		0.4782
0.041		36.8 		1474 		-4.618		-0.5957
0.041		36.8 		1467 		-12.19		-1.573
0.041		36.9 		1469 		-3.674		-0.474
0.041		36.9 		1466 		-8.075		-1.042
0.041		36.9 		1466 		8.995		1.16 
0.041		37   		1469 		-3.21		-0.4141
0.041		37   		1464 		-15.47		-1.996
0.041		37.1 		1463 		-1.733		-0.2236
0.041		37.1 		1464 		-1.457		-0.188
0.041		37.2 		1462 		-3.187		-0.4111
0.041		37.2 		1462 		-13.33		-1.719
0.041		37.2 		1457 		-8.141		-1.05
0.041		37.3 		1459 		1.804		0.2327
0.041		37.3 		1458 		2.982		0.3847
0.041		37.4 		1460 		-4.149		-0.5352
0.041		37.4 		1456 		-10.54		-1.36
0.041		37.4 		1456 		2.337		0.3015
0.041		37.5 		1457 		-3.143		-0.4055
0.041		37.5 		1455 		-11.65		-1.502
0.041		37.6 		1453 		-18.07		-2.331
0.041		37.6 		1448 		5.964		0.7694
0.041		37.6 		1455 		8.003		1.032
0.041		37.7 		1451 		-16.19		-2.089
0.041		37.7 		1449 		-1.596		-0.2059
0.041		37.8 		1450 		1.24 		0.1599
0.041		37.8 		1449 		-7.345		-0.9475
0.041		37.9 		1447 		-10.49		-1.353
0.042		37.9 		1445 		2.027		0.2614
0.041		37.9 		1448 		-5.094		-0.6572
0.042		38   		1443 		-9.746		-1.257
0.042		38   		1444 		0.175		0.02257
0.042		38.1 		1443 		-1.751		-0.2258
0.042		38.1 		1444 		-8.027		-1.035
0.042		38.1 		1440 		-2.443		-0.3151
0.042		38.2 		1443 		-2.087		-0.2692
0.042		38.2 		1439 		-10.25		-1.323
0.042		38.3 		1439 		-5.71		-0.7366
0.042		38.3 		1437 		0.173		0.02232
0.042		38.4 		1439 		-5.434		-0.701
0.042		38.4 		1435 		-8.703		-1.123
0.042		38.4 		1435 		2.579		0.3327
0.042		38.5 		1436 		-10.81		-1.394
0.042		38.5 		1431 		3.434		0.443
0.042		38.6 		1437 		-6.749		-0.8706
0.042		38.6 		1428 		-13.59		-1.753
0.042		38.6 		1431 		10.14		1.308
0.042		38.7 		1432 		-13.01		-1.679
0.042		38.7 		1426 		-6.203		-0.8001
0.042		38.8 		1430 		-4.394		-0.5668
0.042		38.8 		1425 		-6.849		-0.8835
0.042		38.9 		1427 		1.686		0.2174
0.042		38.9 		1425 		6.089		0.7855
0.042		38.9 		1430 		-15.05		-1.942
0.042		39   		1419 		-5.138		-0.6629
0.042		39   		1427 		12.67		1.635
0.042		39.1 		1424 		-22.23		-2.868
0.042		39.1 		1419 		0.5023		0.06479
0.042		39.1 		1424 		2.503		0.3229
0.042		39.2 		1420 		-13.69		-1.766
0.042		39.2 		1419 		3.33 		0.4296
0.042		39.3 		1421 		-8.964		-1.156
0.042		39.3 		1415 		-13.58		-1.752
0.042		39.4 		1415 		1.403		0.1809
0.042		39.4 		1416 		-7.081		-0.9135
0.042		39.4 		1412 		2.555		0.3296
0.042		39.5 		1417 		5.518		0.7119
0.042		39.5 		1415 		-15.05		-1.942
0.043		39.6 		1411 		-10.16		-1.31
0.043		39.6 		1411 		1.879		0.2424
0.043		39.7 		1412 		-2.531		-0.3265
0.043		39.7 		1410 		-5.954		-0.768
0.043		39.7 		1409 		-3.499		-0.4513
0.043		39.8 		1408 		-9.895		-1.276
0.043		39.8 		1405 		-1.782		-0.2299
0.043		39.9 		1407 		-5.488		-0.7079
0.043		39.9 		1403 		-8.467		-1.092
0.043		40   		1404 		3.701		0.4775
0.043		40   		1404 		-1.449		-0.1869
0.043		40   		1403 		-8.594		-1.109
0.043		40.1 		1401 		-0.7222		-0.09316
0.043		40.1 		1403 		-3.201		-0.4129
0.043		40.2 		1400 		-13.57		-1.751
0.043		40.2 		1398 		4.625		0.5966
0.043		40.3 		1401 		1.912		0.2466
0.043		40.3 		1398 		-8.766		-1.131
0.043		40.3 		1398 		-11.73		-1.513
0.043		40.4 		1394 		-10.03		-1.294
0.043		40.4 		1394 		10.42		1.345
0.043		40.5 		1398 		-10  		-1.29
0.043		40.5 		1390 		-9.451		-1.219
0.043		40.6 		1394 		-1.018		-0.1313
0.043		40.6 		1389 		-2.981		-0.3845
0.043		40.6 		1393 		5.56 		0.7173
0.043		40.7 		1392 		-13.37		-1.725
0.043		40.7 		1387 		2.033		0.2622
0.043		40.8 		1392 		-10.02		-1.293
0.043		40.8 		1383 		-7.781		-1.004
0.043		40.9 		1389 		10.62		1.37 
0.043		40.9 		1387 		-17.2		-2.219
0.043		40.9 		1382 		-10.95		-1.413
0.043		41   		1383 		3.384		0.4365
0.043		41   		1383 		-6.988		-0.9015
0.043		41.1 		1380 		-5.293		-0.6828
0.043		41.1 		1381 		-3.287		-0.424
0.044		41.2 		1379 		-0.9943		-0.1283
0.043		41.2 		1381 		-2.365		-0.3051
0.044		41.2 		1378 		-0.993		-0.1281
0.043		41.3 		1380 		1.372		0.177
0.044		41.3 		1378 		-2.748		-0.3545
0.044		41.4 		1379 		-11.16		-1.44
0.044		41.4 		1374 		-18.59		-2.399
0.044		41.5 		1372 		6.713		0.8659
0.044		41.5 		1376 		1.205		0.1555
0.044		41.6 		1372 		-14.98		-1.932
0.044		41.6 		1370 		-5.243		-0.6764
0.044		41.6 		1370 		1.796		0.2317
0.044		41.7 		1371 		-1.496		-0.193
0.044		41.7 		1369 		-6.499		-0.8384
0.044		41.8 		1368 		-0.5222		-0.06736
0.044		41.8 		1369 		-8.995		-1.16
0.044		41.9 		1364 		-1.413		-0.1822
0.044		41.9 		1368 		-3.701		-0.4774
0.044		41.9 		1363 		-10.21		-1.317
0.044		42   		1364 		1.032		0.1331
0.044		42   		1363 		-4.127		-0.5324
0.044		42.1 		1362 		-3.899		-0.5029
0.044		42.1 		1362 		-3.672		-0.4736
0.044		42.2 		1361 		-2.64		-0.3405
0.044		42.2 		1361 		-2.856		-0.3684
0.044		42.3 		1360 		-6.648		-0.8576
0.044		42.3 		1358 		-8.301		-1.071
0.044		42.3 		1356 		-2.107		-0.2719
0.044		42.4 		1357 		-0.7982		-0.103
0.044		42.4 		1356 		-3.481		-0.4491
0.044		42.5 		1355 		-7.663		-0.9886
0.044		42.5 		1353 		-3.826		-0.4935
0.044		42.6 		1354 		5.773		0.7448
0.044		42.6 		1355 		-13.31		-1.717
0.045		42.7 		1348 		-9.332		-1.204
0.044		42.7 		1351 		-4.066		-0.5245
0.045		42.7 		1346 		-4.212		-0.5433
0.044		42.8 		1349 		2.492		0.3215
0.045		42.8 		1347 		-4.844		-0.6249
0.045		42.9 		1347 		-4.547		-0.5866
0.045		42.9 		1346 		-0.9941		-0.1282
0.045		43   		1347 		-1.418		-0.1829
0.045		43   		1345 		-10.47		-1.35
0.045		43.1 		1342 		-14.13		-1.823
0.045		43.1 		1339 		3.372		0.435
0.045		43.1 		1344 		8.149		1.051
0.045		43.2 		1342 		-8.157		-1.052
0.045		43.2 		1340 		-14.34		-1.849
0.045		43.3 		1336 		2.096		0.2704
0.045		43.3 		1341 		-1.532		-0.1976
0.045		43.4 		1336 		-10.03		-1.294
0.045		43.4 		1337 		1.457		0.188
0.045		43.5 		1336 		-3.746		-0.4833
0.045		43.5 		1335 		-10.64		-1.373
0.045		43.5 		1332 		-2.415		-0.3116
0.045		43.6 		1334 		-2.407		-0.3105
0.045		43.6 		1331 		-5.365		-0.692
0.045		43.7 		1332 		0.1372		0.0177
0.045		43.7 		1331 		-10.81		-1.395
0.045		43.8 		1327 		-0.9567		-0.1234
0.045		43.8 		1330 		3.89 		0.5018
0.045		43.9 		1329 		-8.731		-1.126
0.045		43.9 		1326 		-4.966		-0.6406
0.045		44   		1327 		-2.036		-0.2626
0.045		44   		1326 		-7.583		-0.9783
0.045		44   		1323 		-2.163		-0.2791
0.045		44.1 		1325 		-4.65		-0.5998
0.045		44.1 		1321 		-6.932		-0.8942
0.045		44.2 		1322 		-1.745		-0.225
0.045		44.2 		1321 		-1.274		-0.1644
0.045		44.3 		1321 		-1.943		-0.2506
0.045		44.3 		1320 		-4.884		-0.63
0.045		44.4 		1319 		-13.57		-1.751
0.046		44.4 		1314 		-0.7313		-0.09433
0.046		44.5 		1319 		-7.465		-0.963
0.046		44.5 		1311 		0.9285		0.1198
0.045		44.5 		1319 		6.209		0.801
0.046		44.6 		1313 		-9.08		-1.171
0.046		44.6 		1315 		-1.056		-0.1362
0.046		44.7 		1313 		-5.933		-0.7654
0.046		44.7 		1313 		-5.584		-0.7203
0.046		44.8 		1311 		-3.149		-0.4062
0.046		44.8 		1311 		-5.949		-0.7674
0.046		44.9 		1308 		-9.519		-1.228
0.046		44.9 		1307 		0.6505		0.08392
0.046		45   		1308 		-3.895		-0.5025
0.046		45   		1305 		-10.55		-1.361
0.046		45   		1304 		-3.613		-0.4661
0.046		45.1 		1304 		2.58 		0.3328
0.046		45.1 		1305 		-8.169		-1.054
0.046		45.2 		1300 		-2.509		-0.3236
0.046		45.2 		1304 		0.4487		0.05789
0.046		45.3 		1300 		-10.44		-1.347
0.046		45.3 		1299 		-3.446		-0.4445
0.046		45.4 		1299 		-4.71		-0.6076
0.046		45.4 		1297 		-3.115		-0.4018
0.046		45.5 		1297 		-0.5077		-0.0655
0.046		45.5 		1297 		8.852		1.142
0.046		45.6 		1301 		-4.766		-0.6148
0.046		45.6 		1295 		-18.13		-2.338
0.046		45.6 		1293 		5.432		0.7008
0.046		45.7 		1297 		-1.325		-0.1709
0.046		45.7 		1293 		-13.16		-1.698
0.046		45.8 		1291 		-2.759		-0.3559
0.046		45.8 		1291 		-5.251		-0.6774
0.047		45.9 		1289 		-1.375		-0.1774
0.046		45.9 		1291 		-2.368		-0.3055
0.047		46   		1288 		-11.44		-1.476
0.047		46   		1286 		1.303		0.1681
0.047		46.1 		1288 		-4.639		-0.5985
0.047		46.1 		1284 		-22.39		-2.888
0.047		46.2 		1278 		4.542		0.5859
0.047		46.2 		1286 		7.599		0.9803
0.047		46.3 		1282 		-10.38		-1.339
0.047		46.3 		1281 		-3.241		-0.4181
0.047		46.3 		1280 		-4.211		-0.5433
0.047		46.4 		1279 		-4.263		-0.55
0.047		46.4 		1278 		-5.951		-0.7677
0.047		46.5 		1277 		-1.941		-0.2504
0.047		46.5 		1278 		2.667		0.3441
0.047		46.6 		1278 		-5.449		-0.7029
0.047		46.6 		1275 		-7.007		-0.9039
0.047		46.7 		1275 		-2.83		-0.3651
0.047		46.7 		1274 		-9.18		-1.184
0.047		46.8 		1270 		-8.192		-1.057
0.047		46.8 		1270 		-5.535		-0.714
0.047		46.9 		1268 		4.052		0.5227
0.047		46.9 		1272 		-0.892		-0.1151
0.047		47   		1268 		-3.515		-0.4535
0.047		47   		1270 		-3.972		-0.5124
0.047		47.1 		1266 		-14.48		-1.868
0.047		47.1 		1264 		-1.354		-0.1747
0.047		47.1 		1265 		2.353		0.3036
0.047		47.2 		1265 		-4.586		-0.5916
0.048		47.2 		1263 		-3.171		-0.409
0.047		47.3 		1263 		-7.543		-0.9731
0.048		47.3 		1260 		-7.874		-1.016
0.048		47.4 		1260 		1.222		0.1576
0.048		47.4 		1260 		-3.371		-0.4348
0.048		47.5 		1258 		-9.385		-1.211
0.048		47.5 		1256 		-1.792		-0.2312
0.048		47.6 		1258 		-1.384		-0.1786
0.048		47.6 		1255 		-8.233		-1.062
0.048		47.7 		1254 		-3.157		-0.4073
0.048		47.7 		1254 		-7.832		-1.01
0.048		47.8 		1250 		-5.307		-0.6846
0.048		47.8 		1251 		-4.544		-0.5862
0.048		47.9 		1248 		-4.654		-0.6004
