651329
468479
386690
322882
275699
249002
228837
212611
200151
190452
182467
174673
167406
160809
154916
149841
145656
141594
138199
134811
131889
128293
124724
121042
117746
114134
110934
108150
105094
101942
98613
95779
92741
89896
86943
84368
81460
79149
76723
74401
72189
70083
67940
66233
64302
62730
61155
59725
58427
57101
55882
54915
53716
52733
51701
50838
49972
49087
48248
47358
46600
46025
45208
44606
43952
43253
42560
41854
41250
40736
40013
39480
39003
38453
38028
37482
36983
36362
35952
35529
34963
34684
34123
33759
33311
33054
32593
32333
31805
31678
31350
30753
30581
30301
30135
29716
29493
29236
28979
28772
28482
28185
138292
26914
26884
26558
3208690
21616
21377
21664
21509
21581
21584
21584
21657
21619
21660
21787
21648
21565
21783
21596
21803
21673
21860
21690
21879
21693
21799
21809
21779
21816
21880
21795
21967
21917
21904
21885
21890
21970
21859
22090
21899
21950
22065
21937
22007
22088
22056
22053
21980
22105
22132
22110
22122
22230
22020
22166
22157
22183
22164
22204
22206
22229
22363
22141
22291
22321
22247
22341
22302
22330
22372
22361
22409
22381
22398
22542
22570
22367
22301
22704
22491
22474
22374
22629
22278
22826
22529
22512
22450
22690
22738
22519
22709
22551
22743
22418
22801
22670
22886
22529
22822
22790
22601
22848
22746
22665
22878
22908
22660
22861
23017
22700
22886
22801
23121
22802
23056
23885
21959
22835
23210
22727
23254
22813
23158
22919
23258
22895
23223
22944
23192
46314
69334
23409
46325
23183
46513
23547
23002
23432
23328
23364
23345
46532
23429
23538
23449
23422
23434
23384
23403
23512
23496
23563
23512
23635
23395
23693
23579
23709
23550
23555
23620
23552
23623
23741
23693
23683
23769
23681
23658
23803
23781
23726
23767
23818
23850
23865
23969
23835
23966
23782
23901
24023
23977
23822
24042
23948
24071
23742
24255
24001
24001
24148
24093
24020
24056
24214
24141
24209
24064
24138
24273
24138
24238
24197
24382
24140
24385
24213
24322
24234
24410
24390
24325
24276
24443
24293
24563
24361
24453
24438
24528
24368
24596
24426
24596
24425
24592
24416
24868
24306
24779
24421
24743
24532
24767
24448
24868
24584
24823
24684
24674
24765
24755
24811
24743
24810
24736
24741
24906
24770
24960
24726
24824
24996
24958
24795
24922
25095
24904
24981
25012
24993
25103
25087
25035
25065
24991
25123
25051
25134
25114
25073
25294
25096
25193
25032
25333
25171
25280
25143
25276
25256
25374
25148
25404
25261
25337
25266
25439
25342
25345
25529
25280
25458
25365
25620
25283
25582
25688
25394
25447
25521
25562
25575
25574
25511
25526
25678
25750
25477
25732
25711
25669
25676
25710
25666
25752
25735
25777
25733
25983
25558
25931
25804
25939
25772
25904
25780
25919
25987
25885
25823
25959
25933
26004
26002
26097
25996
26026
25905
26121
26090
26044
26063
26084
26122
26118
26190
26187
26071
26158
26209
26188
26213
26189
26161
26233
26189
26286
26284
26268
26400
26239
26290
26354
26275
26602
26310
26386
26467
26348
26506
26388
26359
26531
26438
26539
26490
26458
26693
26442
26633
26658
26774
26270
26750
26570
26724
26542
26643
26779
26815
26665
26844
26670
26896
26771
26686
26783
26775
26794
26904
26933
26952
26879
26756
26974
26910
26955
27022
26918
27097
27051
27038
26926
27028
26947
27206
27071
27077
27166
27166
27153
27121
27214
27097
27313
27014
27430
27155
27285
27155
27297
27359
27329
27348
27405
27333
27509
27352
27398
27475
27537
27536
27361
27627
27439
27541
27572
27595
27608
27637
27656
27598
27631
27729
27606
27726
27654
27832
27686
27829
27726
27897
27800
27840
27823
27995
27855
28018
27833
27941
27990
27955
27990
28028
28087
28070
28065
28058
28077
28139
28097
28257
28073
28202
28220
28247
28250
28222
28232
28344
28238
28369
28345
28372
28327
28496
28353
28399
28677
28284
28419
28502
28509
28448
28632
28546
28629
28688
28507
28688
28589
28646
28836
28707
28602
28771
28769
28798
28801
28835
28789
28922
28805
29037
28724
28958
28913
28984
29018
28897
29096
28990
29083
29167
29012
29078
29078
29182
29100
29271
29219
29186
29254
29179
29236
29348
29340
29241
29341
29342
29406
29396
29417
29514
29390
29505
29461
29485
29587
29522
29476
29657
29570
29711
29582
29628
29664
29697
29787
29695
29737
29794
29830
29810
29810
29887
29878
29931
29893
29883
29976
29978
29934
30011
30095
29980
30251
30056
30137
30080
30127
30228
30130
30292
30282
30239
30249
30312
30307
30172
30475
30362
30396
30372
30407
30403
30606
30362
30629
30489
30515
30622
30567
30724
30560
30716
30740
30666
30724
30792
30710
30798
30803
30822
30822
30903
30949
30774
30957
30998
30940
30981
31093
30977
31060
31149
31075
30996
31133
31234
31155
31200
31240
31173
31234
31342
31305
31279
31258
31308
31441
31409
31336
31444
31377
31467
31512
31540
31634
31436
31552
31628
31616
31543
31717
31641
31662
31730
31715
31766
31762
31921
31790
31810
32011
31789
31910
31955
31983
31878
31987
32021
32097
31989
32046
32170
32148
32152
32158
32262
32128
32178
32282
32295
32235
32365
32339
32374
32408
32406
32344
32512
32539
32520
32580
32632
32605
32650
32746
32733
32777
32831
32952
32968
33040
33111
33242
33202
33471
33355
33497
33538
33643
33734
33809
33948
34036
33989
34325
34221
34553
34585
34736
34947
35017
35094
35348
35412
35537
35733
35819
35980
36119
36263
36447
36573
36747
36855
37024
37106
37299
37512
37648
37697
37883
38070
38378
38197
38471
38512
38640
38662
38774
38741
38851
38838
38876
38959
38958
38936
38918
39086
39064
39023
39073
39103
39309
39119
39170
39265
39288
39300
39335
39312
39373
39376
39435
39451
39488
39483
39531
39530
39575
39596
39635
39645
39677
39757
39636
39823
39713
39876
39841
39811
39886
39933
39841
40006
40054
39979
40014
40105
40063
40066
40169
40127
40126
40255
40253
40200
40263
40290
40328
40332
40391
40398
40448
40476
40456
40485
40519
40595
40601
40678
40660
40616
40697
40760
40719
40759
40851
40719
40901
40851
40941
40939
40843
40974
41012
40993
41028
41028
41175
41118
41155
41085
41201
41202
41175
41237
41305
41440
41238
41350
41420
41368
41406
41451
41525
41428
41583
41539
41581
41559
41673
41587
41697
41705
41763
41703
41826
41804
41796
41930
41756
42009
41915
41890
42068
41963
42120
42044
42100
41972
42279
42033
42128
42298
42122
42268
42286
42228
42394
42392
42377
42478
42346
42411
42529
42535
42506
42566
42579
42609
42701
42631
42769
42736
42723
42754
42830
42763
42870
42933
42812
42909
42922
43057
43049
42925
43176
43045
43189
43083
43118
43254
43092
43383
43192
43246
43414
43388
43370
43479
43439
43522
43452
43553
43465
43535
43501
43682
43747
43593
43731
43792
43801
43768
43821
43855
43828
43976
43847
44026
43985
44012
44041
44065
44091
44101
44130
44192
44244
44221
44255
44269
44361
44322
44281
44507
44411
44564
44470
44529
44538
44593
44552
44613
44700
44814
44652
44698
44768
44903
44738
44925
44882
44904
44936
45058
44971
45093
45049
45091
45207
45105
45150
45233
45223
45263
45335
45295
45404
45398
45430
45417
45459
45490
45663
45501
45776
45487
45682
45624
45698
45714
45783
45762
45874
45908
45864
45968
46027
46024
45987
46151
46026
46144
46189
46198
46263
46247
46271
46108
46346
46394
46260
46415
46469
46459
46553
46481
46591
46665
46570
46740
46934
46666
46810
46835
46863
46904
46933
47002
46965
46958
47055
47074
47102
47227
47239
47320
47171
47335
47230
47402
47475
47425
47435
47503
47489
47632
47624
47611
47682
47773
47713
47797
47856
47852
47993
47945
48073
48027
