s			t			RPM			rad/s^2			Nm
0.799		1.27 		75.1 		6.176		0.7967
0.636		2.07 		94.32		5.262		0.6788
0.560		2.71 		107.1		4.425		0.5708
0.508		3.27 		118  		4.376		0.5645
0.468		3.78 		128.3		4.009		0.5172
0.442		4.24 		135.9		3.451		0.4452
0.420		4.68 		142.9		4.839		0.6242
0.386		5.1  		155.3		6.537		0.8432
0.359		5.49 		167  		7.147		0.9219
0.334		5.85 		179.8		8.047		1.038
0.311		6.18 		192.6		8.836		1.14 
0.291		6.49 		206.1		9.596		1.238
0.274		6.79 		219.3		11.11		1.433
0.255		7.06 		235.1		16.24		2.094
0.232		7.31 		258.9		22.46		2.897
0.211		7.55 		284.8		26.34		3.397
0.192		7.76 		311.8		30.36		3.916
0.176		7.95 		340.6		36.63		4.725
0.161		8.13 		373.5		38.55		4.973
0.150		8.29 		399.8		38.09		4.914
0.140		8.44 		428  		45.06		5.813
0.130		8.58 		460.1		62.52		8.066
0.119		8.71 		505.9		90.81		11.71
0.107		8.83 		562.9		125.1		16.14
0.095		8.93 		633.2		155  		19.99
0.085		9.03 		703.1		180.5		23.29
0.077		9.11 		780.4		175.2		22.61
0.072		9.19 		831.8		131  		16.9 
0.069		9.26 		870.6		125.6		16.2 
0.066		9.33 		914.5		125.1		16.14
0.063		9.4  		949  		106.1		13.69
0.061		9.46 		978.5		105.8		13.65
0.059		9.52 		1011 		102.8		13.26
0.058		9.58 		1037 		118  		15.22
0.056		9.64 		1076 		120  		15.48
0.055		9.69 		1101 		79.88		10.3 
0.054		9.75 		1118 		70.67		9.117
0.053		9.8  		1137 		59.31		7.651
0.052		9.85 		1148 		42.28		5.454
0.052		9.91 		1158 		44.26		5.71 
0.051		9.96 		1170 		53.99		6.965
0.051		10   		1184 		59.19		7.636
0.050		10.1 		1198 		61.49		7.932
0.049		10.1 		1214 		66.37		8.562
0.049		10.2 		1230 		73.64		9.5  
0.048		10.2 		1248 		70.64		9.113
0.048		10.3 		1262 		69   		8.901
0.047		10.3 		1280 		84.11		10.85
0.046		10.4 		1300 		89.9 		11.6 
0.045		10.4 		1319 		119.6		15.43
0.044		10.4 		1352 		114.9		14.82
0.044		10.5 		1368 		95.87		12.37
0.043		10.5 		1392 		91.13		11.76
0.043		10.6 		1405 		103.4		13.34
0.042		10.6 		1434 		122.9		15.86
0.041		10.7 		1454 		112.5		14.51
0.041		10.7 		1478 		113.6		14.65
0.040		10.7 		1499 		126.3		16.29
0.039		10.8 		1526 		129.7		16.73
0.039		10.8 		1547 		108.6		14.01
0.038		10.9 		1567 		105.2		13.57
0.038		10.9 		1586 		132.3		17.07
0.037		10.9 		1615 		98.23		12.67
0.037		11   		1621 		82.31		10.62
0.037		11   		1644 		163.4		21.07
0.036		11   		1677 		117.2		15.12
0.036		11.1 		1684 		110.6		14.27
0.035		11.1 		1715 		131.5		16.96
0.035		11.2 		1728 		138.7		17.9 
0.034		11.2 		1761 		171.2		22.09
0.034		11.2 		1783 		119  		15.35
0.033		11.3 		1799 		147.1		18.97
0.033		11.3 		1830 		154  		19.86
0.032		11.3 		1848 		78.98		10.19
0.032		11.4 		1855 		138.1		17.82
0.032		11.4 		1890 		144.6		18.66
0.032		11.4 		1898 		103.7		13.38
0.031		11.4 		1922 		144.6		18.66
0.031		11.5 		1942 		121.3		15.65
0.031		11.5 		1957 		126  		16.25
0.030		11.5 		1978 		123.5		15.93
0.030		11.6 		1993 		122.9		15.85
0.030		11.6 		2014 		147.8		19.06
0.029		11.6 		2035 		110.2		14.21
0.029		11.7 		2045 		168.6		21.75
0.029		11.7 		2082 		-6324		-815.8
0.197		11.7 		304.7		69.87		9.013
0.027		11.9 		2214 		-1168		-150.7
25.066		11.9 		2.394		-0.6876		-0.0887
0.029		37   		2049 		7299 		941.5
0.029		37   		2043 		-7.479		-0.9648
0.029		37.1 		2047 		48.54		6.262
0.029		37.1 		2057 		18.35		2.367
0.029		37.1 		2052 		-47.42		-6.117
0.029		37.2 		2043 		-21.71		-2.801
0.029		37.2 		2046 		21.19		2.733
0.029		37.2 		2049 		2.497		0.3221
0.029		37.2 		2047 		-37.32		-4.814
0.029		37.3 		2039 		2.734		0.3527
0.029		37.3 		2048 		20.11		2.594
0.029		37.3 		2045 		-44.36		-5.723
0.029		37.4 		2035 		-30.8		-3.974
0.029		37.4 		2036 		13.76		1.775
0.029		37.4 		2039 		20.71		2.672
0.029		37.4 		2042 		-42.47		-5.478
0.030		37.5 		2027 		-2.703		-0.3487
0.029		37.5 		2041 		-2.439		-0.3146
0.030		37.5 		2026 		5.898		0.7608
0.029		37.6 		2043 		29.4 		3.792
0.029		37.6 		2035 		-51  		-6.579
0.030		37.6 		2028 		-24.58		-3.171
0.030		37.7 		2028 		-6.303		-0.8131
0.030		37.7 		2026 		12.87		1.66 
0.030		37.7 		2031 		9.963		1.285
0.030		37.7 		2029 		-26.94		-3.475
0.030		37.8 		2024 		-31.86		-4.11
0.030		37.8 		2020 		25.6 		3.303
0.030		37.8 		2031 		-6.745		-0.8702
0.030		37.9 		2018 		-20.05		-2.586
0.030		37.9 		2025 		8.891		1.147
0.030		37.9 		2021 		-71.85		-9.269
0.030		38   		2005 		17.43		2.248
0.030		38   		2026 		52.02		6.711
0.030		38   		2020 		-28.82		-3.717
0.030		38   		2018 		-22.2		-2.863
0.030		38.1 		2013 		-26.37		-3.401
0.030		38.1 		2010 		9.969		1.286
0.030		38.1 		2016 		-8.521		-1.099
0.030		38.2 		2008 		-43.42		-5.601
0.030		38.2 		2004 		38.98		5.029
0.030		38.2 		2019 		-3.3 		-0.4257
0.030		38.3 		2003 		-42.02		-5.42
0.030		38.3 		2007 		34.83		4.493
0.030		38.3 		2013 		-9.185		-1.185
0.030		38.3 		2004 		-60.19		-7.764
0.030		38.4 		1996 		12.62		1.627
0.030		38.4 		2008 		3.025		0.3902
0.030		38.4 		1996 		-26.13		-3.37
0.030		38.5 		2000 		2.088		0.2694
0.030		38.5 		1997 		7.447		0.9606
0.030		38.5 		2003 		-6.267		-0.8085
0.030		38.6 		1995 		-31.05		-4.005
0.030		38.6 		1994 		-7.15		-0.9223
0.030		38.6 		1993 		-2.994		-0.3863
0.030		38.6 		1993 		-30.95		-3.993
0.030		38.7 		1984 		4.358		0.5622
0.030		38.7 		1994 		30.74		3.966
0.030		38.7 		1993 		-20.46		-2.639
0.030		38.8 		1988 		-24.95		-3.219
0.030		38.8 		1986 		4.57 		0.5895
0.030		38.8 		1989 		-1.597		-0.2061
0.030		38.9 		1986 		-29.36		-3.788
0.030		38.9 		1981 		-2.498		-0.3222
0.030		38.9 		1985 		-7.469		-0.9635
0.030		38.9 		1979 		-5.891		-0.7599
0.030		39   		1983 		-3.612		-0.466
0.030		39   		1978 		-23.67		-3.054
0.030		39   		1976 		-8.534		-1.101
0.030		39.1 		1975 		-8.741		-1.128
0.030		39.1 		1974 		-2.016		-0.26
0.030		39.1 		1975 		17.05		2.199
0.030		39.2 		1979 		-9.637		-1.243
0.030		39.2 		1972 		-27.96		-3.606
0.030		39.2 		1971 		-11.57		-1.493
0.030		39.2 		1969 		-5.332		-0.6878
0.030		39.3 		1969 		2.442		0.3151
0.030		39.3 		1969 		-33.59		-4.333
0.031		39.3 		1959 		-19.83		-2.558
0.031		39.4 		1963 		14.72		1.899
0.031		39.4 		1963 		20.1 		2.593
0.030		39.4 		1969 		-30.12		-3.886
0.031		39.5 		1955 		2.206		0.2846
0.030		39.5 		1970 		19.98		2.578
0.031		39.5 		1961 		-47.47		-6.124
0.031		39.6 		1956 		-5.682		-0.7329
0.031		39.6 		1959 		-13.92		-1.796
0.031		39.6 		1952 		-5.66		-0.7302
0.031		39.6 		1957 		-5.203		-0.6711
0.031		39.7 		1951 		-4.344		-0.5604
0.031		39.7 		1956 		6.066		0.7826
0.031		39.7 		1952 		-13.66		-1.762
0.031		39.8 		1952 		-15.76		-2.033
0.031		39.8 		1948 		-14  		-1.806
0.031		39.8 		1948 		-7.3 		-0.9417
0.031		39.9 		1946 		-9.434		-1.217
0.031		39.9 		1945 		5.358		0.6912
0.031		39.9 		1947 		-9.201		-1.187
0.031		40   		1942 		-13.04		-1.682
0.031		40   		1943 		-11.92		-1.538
0.031		40   		1939 		-4.257		-0.5491
0.031		40   		1942 		-0.637		-0.08217
0.031		40.1 		1939 		-3.401		-0.4387
0.031		40.1 		1941 		-38.6		-4.98
0.031		40.1 		1927 		2.747		0.3543
0.031		40.2 		1942 		18.94		2.443
0.031		40.2 		1933 		-40.03		-5.164
0.031		40.2 		1930 		3.567		0.4602
0.031		40.3 		1934 		18.07		2.331
0.031		40.3 		1935 		-18.06		-2.329
0.031		40.3 		1929 		-18.65		-2.405
0.031		40.4 		1930 		-30.96		-3.994
0.031		40.4 		1919 		-1.455		-0.1877
0.031		40.4 		1929 		21.78		2.81 
0.031		40.4 		1926 		-23.27		-3.002
0.031		40.5 		1922 		-11.8		-1.522
0.031		40.5 		1922 		12.22		1.576
0.031		40.5 		1926 		-38.28		-4.938
0.031		40.6 		1911 		-19.32		-2.493
0.031		40.6 		1920 		12.47		1.608
0.031		40.6 		1915 		11.93		1.539
0.031		40.7 		1924 		-12.9		-1.664
0.031		40.7 		1911 		-0.4114		-0.05307
0.031		40.7 		1924 		-27.06		-3.49
0.032		40.8 		1903 		-42.32		-5.459
0.031		40.8 		1911 		32.77		4.227
0.031		40.8 		1913 		-8.521		-1.099
0.031		40.9 		1908 		-14.79		-1.908
0.031		40.9 		1908 		4.653		0.6002
0.031		40.9 		1910 		-4.447		-0.5736
0.031		40.9 		1907 		-27.19		-3.508
0.032		41   		1902 		-26.83		-3.462
0.032		41   		1899 		21.04		2.714
0.031		41   		1908 		-2   		-0.258
0.032		41.1 		1898 		-32.59		-4.205
0.032		41.1 		1898 		4.379		0.5649
0.032		41.1 		1899 		-15.88		-2.049
0.032		41.2 		1893 		-20.4		-2.631
0.032		41.2 		1893 		28.36		3.658
0.032		41.2 		1902 		-15.82		-2.041
0.032		41.3 		1888 		-32.81		-4.233
0.032		41.3 		1892 		6.484		0.8364
0.032		41.3 		1890 		12.82		1.654
0.032		41.4 		1896 		-15.14		-1.953
0.032		41.4 		1886 		-27.48		-3.545
0.032		41.4 		1888 		-19.85		-2.561
0.032		41.5 		1880 		14.84		1.915
0.032		41.5 		1892 		-13  		-1.677
0.032		41.5 		1876 		-18.89		-2.437
0.032		41.6 		1886 		30.27		3.905
0.032		41.6 		1885 		-34.73		-4.48
0.032		41.6 		1876 		-26.45		-3.412
0.032		41.6 		1877 		18.3 		2.361
0.032		41.7 		1881 		-20.37		-2.628
0.032		41.7 		1871 		-19.77		-2.551
0.032		41.7 		1875 		8.22 		1.06 
0.032		41.8 		1873 		1.725		0.2225
0.032		41.8 		1876 		-10.89		-1.405
0.032		41.8 		1870 		-14.7		-1.897
0.032		41.9 		1871 		-22.38		-2.887
0.032		41.9 		1863 		-8.717		-1.124
0.032		41.9 		1869 		2.643		0.3409
0.032		42   		1864 		-10.02		-1.292
0.032		42   		1865 		3.395		0.438
0.032		42   		1865 		-1.699		-0.2191
0.032		42.1 		1865 		-25.18		-3.248
0.032		42.1 		1857 		-18.92		-2.441
0.032		42.1 		1859 		2.053		0.2648
0.032		42.2 		1858 		-5.972		-0.7703
0.032		42.2 		1857 		-9.682		-1.249
0.032		42.2 		1855 		3.725		0.4805
0.032		42.3 		1858 		-9.842		-1.27
0.032		42.3 		1852 		-14.48		-1.868
0.032		42.3 		1854 		-13.47		-1.738
0.032		42.4 		1848 		-14.19		-1.831
0.032		42.4 		1850 		10.12		1.305
0.032		42.4 		1851 		0.7368		0.09505
0.032		42.5 		1850 		-23.68		-3.055
0.033		42.5 		1843 		-6.232		-0.8039
0.032		42.5 		1848 		-12.94		-1.669
0.033		42.5 		1839 		-33.61		-4.336
0.033		42.6 		1837 		10.51		1.356
0.033		42.6 		1843 		12.69		1.638
0.033		42.6 		1841 		-15.96		-2.059
0.033		42.7 		1838 		-9.41		-1.214
0.033		42.7 		1838 		3.795		0.4896
0.033		42.7 		1839 		-14.97		-1.931
0.033		42.8 		1834 		-21.03		-2.713
0.033		42.8 		1832 		-21.61		-2.787
0.033		42.8 		1827 		-6.951		-0.8967
0.033		42.9 		1830 		4.446		0.5735
0.033		42.9 		1828 		-20.77		-2.679
0.033		42.9 		1824 		10.13		1.306
0.033		43   		1832 		-18.9		-2.438
0.033		43   		1818 		-23.67		-3.054
0.033		43   		1824 		16.88		2.178
0.033		43.1 		1823 		-6.169		-0.7958
0.033		43.1 		1822 		-13.36		-1.723
0.033		43.1 		1819 		-31.62		-4.079
0.033		43.2 		1812 		-2.615		-0.3373
0.033		43.2 		1818 		-6.072		-0.7833
0.033		43.2 		1810 		-4.174		-0.5385
0.033		43.3 		1817 		-2.077		-0.268
0.033		43.3 		1810 		-22.33		-2.88
0.033		43.3 		1810 		-3.962		-0.5111
0.033		43.4 		1808 		-14.95		-1.928
0.033		43.4 		1805 		-8.914		-1.15
0.033		43.4 		1806 		-9.907		-1.278
0.033		43.5 		1802 		5.815		0.7502
0.033		43.5 		1807 		-8.351		-1.077
0.033		43.5 		1799 		-35.51		-4.58
0.033		43.6 		1796 		-2.705		-0.3489
0.033		43.6 		1798 		6.081		0.7845
0.033		43.6 		1798 		-9.287		-1.198
0.033		43.7 		1795 		-33.23		-4.287
0.034		43.7 		1787 		-3.015		-0.3889
0.033		43.7 		1794 		23.11		2.981
0.033		43.8 		1795 		-34.42		-4.44
0.034		43.8 		1783 		-16.99		-2.192
0.034		43.8 		1789 		0.6622		0.08543
0.034		43.9 		1784 		-29.91		-3.858
0.034		43.9 		1780 		23.82		3.072
0.033		43.9 		1791 		1.156		0.1491
0.034		44   		1780 		-42.37		-5.466
0.034		44   		1778 		-1.802		-0.2324
0.034		44   		1780 		-13.71		-1.768
0.034		44.1 		1773 		-7.503		-0.9679
0.034		44.1 		1777 		-2.112		-0.2725
0.034		44.1 		1773 		-20.44		-2.637
0.034		44.2 		1770 		-18.06		-2.33
0.034		44.2 		1767 		4.998		0.6448
0.034		44.2 		1772 		15.65		2.019
0.034		44.3 		1772 		-14.37		-1.853
0.034		44.3 		1767 		-34.64		-4.468
0.034		44.3 		1761 		2.081		0.2684
0.034		44.4 		1768 		3.509		0.4527
0.034		44.4 		1762 		-16.61		-2.143
0.034		44.4 		1763 		-11.12		-1.434
0.034		44.5 		1758 		-13.31		-1.718
0.034		44.5 		1758 		-6.789		-0.8758
0.034		44.5 		1756 		-9.616		-1.24
0.034		44.6 		1755 		-16.48		-2.126
0.034		44.6 		1750 		-11.58		-1.494
0.034		44.7 		1751 		3.906		0.5038
0.034		44.7 		1752 		-8.116		-1.047
0.034		44.7 		1749 		-22.07		-2.848
0.034		44.8 		1744 		-14.55		-1.877
0.034		44.8 		1744 		9.899		1.277
0.034		44.8 		1748 		-3.709		-0.4784
0.034		44.9 		1743 		-21.44		-2.766
0.034		44.9 		1741 		-6.605		-0.8521
0.034		44.9 		1741 		-3.067		-0.3956
0.034		45   		1740 		-26.24		-3.385
0.035		45   		1732 		-1.677		-0.2163
0.035		45   		1739 		8.056		1.039
0.035		45.1 		1735 		-25.82		-3.33
0.035		45.1 		1731 		-28.92		-3.731
0.035		45.1 		1725 		14.32		1.847
0.035		45.2 		1735 		-1.352		-0.1744
0.035		45.2 		1725 		-20.32		-2.621
0.035		45.2 		1729 		-4.931		-0.6361
0.035		45.3 		1723 		-13.59		-1.753
0.035		45.3 		1724 		-11.14		-1.437
0.035		45.3 		1719 		-4.159		-0.5365
0.035		45.4 		1723 		-5.179		-0.6681
0.035		45.4 		1718 		-18.17		-2.344
0.035		45.4 		1717 		-7.061		-0.9109
0.035		45.5 		1715 		-4.114		-0.5306
0.035		45.5 		1715 		-9.085		-1.172
0.035		45.6 		1712 		-15.78		-2.035
0.035		45.6 		1710 		-12.36		-1.595
0.035		45.6 		1708 		-3.194		-0.412
0.035		45.7 		1709 		-23.39		-3.017
0.035		45.7 		1700 		4.047		0.5221
0.035		45.7 		1710 		4.75 		0.6128
0.035		45.8 		1702 		-33.52		-4.324
0.035		45.8 		1699 		-5.29		-0.6824
0.035		45.8 		1700 		-7.554		-0.9745
0.035		45.9 		1696 		1.427		0.184
0.035		45.9 		1700 		3.276		0.4226
0.035		45.9 		1698 		-21.89		-2.824
0.035		46   		1693 		-24.01		-3.097
0.036		46   		1689 		-6.753		-0.8711
0.035		46   		1691 		-5.889		-0.7597
0.036		46.1 		1687 		-9.943		-1.283
0.036		46.1 		1687 		-1.816		-0.2343
0.036		46.2 		1687 		-14.07		-1.815
0.036		46.2 		1683 		-9.175		-1.184
0.036		46.2 		1684 		-10.38		-1.339
0.036		46.3 		1679 		-15.05		-1.941
0.036		46.3 		1679 		-0.6882		-0.08878
0.036		46.3 		1679 		3.994		0.5152
0.036		46.4 		1680 		-23.71		-3.059
0.036		46.4 		1671 		-17.63		-2.274
0.036		46.4 		1674 		-6.651		-0.858
0.036		46.5 		1669 		-0.9517		-0.1228
0.036		46.5 		1674 		-3.927		-0.5066
0.036		46.5 		1667 		-17.86		-2.304
0.036		46.6 		1667 		-8.21		-1.059
0.036		46.6 		1664 		-16.23		-2.094
0.036		46.7 		1662 		0.2678		0.03455
0.036		46.7 		1664 		-15.46		-1.994
0.036		46.7 		1656 		-10.12		-1.306
0.036		46.8 		1661 		5.043		0.6506
0.036		46.8 		1658 		-21.99		-2.837
0.036		46.8 		1653 		-6.471		-0.8348
0.036		46.9 		1656 		-6.181		-0.7973
0.036		46.9 		1651 		2.504		0.323
0.036		46.9 		1657 		-24.45		-3.154
0.037		47   		1643 		-16.6		-2.142
0.036		47   		1651 		3.242		0.4183
0.036		47.1 		1644 		-6.249		-0.8061
0.036		47.1 		1649 		-13.44		-1.734
0.037		47.1 		1639 		-14.09		-1.817
0.036		47.2 		1644 		-13.58		-1.752
0.037		47.2 		1634 		-0.6424		-0.08287
0.037		47.2 		1644 		-1.532		-0.1977
0.037		47.3 		1634 		-7.309		-0.9428
0.037		47.3 		1641 		-18.03		-2.326
0.037		47.3 		1628 		-15.51		-2   
0.037		47.4 		1636 		-3.527		-0.455
0.037		47.4 		1626 		-13  		-1.677
0.037		47.5 		1631 		-3.637		-0.4692
0.037		47.5 		1625 		-2.765		-0.3567
0.037		47.5 		1630 		-12.12		-1.563
0.037		47.6 		1621 		-14.99		-1.933
0.037		47.6 		1625 		-2.73		-0.3522
0.037		47.6 		1620 		-21.55		-2.779
0.037		47.7 		1617 		-18.81		-2.426
0.037		47.7 		1613 		18.61		2.401
0.037		47.7 		1624 		-5.771		-0.7444
0.037		47.8 		1611 		-21.16		-2.729
0.037		47.8 		1616 		-8.771		-1.131
0.037		47.9 		1608 		-9.634		-1.243
0.037		47.9 		1613 		-1.213		-0.1565
0.037		47.9 		1608 		-19.14		-2.469
0.037		48   		1606 		8.953		1.155
0.037		48   		1611 		-25.24		-3.256
0.038		48   		1597 		-26.6		-3.432
0.037		48.1 		1601 		27.62		3.562
0.037		48.1 		1607 		-14.1		-1.819
0.038		48.2 		1596 		-23.62		-3.047
0.038		48.2 		1599 		-7.57		-0.9766
0.038		48.2 		1594 		-10.16		-1.311
0.038		48.3 		1595 		2.593		0.3346
0.038		48.3 		1595 		-21.02		-2.711
0.038		48.3 		1587 		3.642		0.4698
0.038		48.4 		1596 		-9.57		-1.235
0.038		48.4 		1584 		-14.15		-1.826
0.038		48.5 		1591 		-8.689		-1.121
0.038		48.5 		1581 		-13.46		-1.736
0.038		48.5 		1586 		-4.721		-0.609
0.038		48.6 		1579 		5.783		0.746
0.038		48.6 		1588 		-26.33		-3.397
0.038		48.7 		1570 		-15.6		-2.012
0.038		48.7 		1582 		12.74		1.643
0.038		48.7 		1574 		-11.09		-1.431
0.038		48.8 		1578 		-15.75		-2.032
0.038		48.8 		1568 		-4.994		-0.6442
0.038		48.8 		1576 		-2.818		-0.3635
0.038		48.9 		1567 		-25.45		-3.284
0.038		48.9 		1567 		4.484		0.5785
0.038		49   		1569 		-4.479		-0.5777
0.038		49   		1565 		-23.86		-3.078
0.038		49   		1560 		6.126		0.7903
0.038		49.1 		1568 		-8.421		-1.086
0.039		49.1 		1557 		-12.1		-1.561
0.038		49.1 		1563 		-7.925		-1.022
0.039		49.2 		1554 		-16.95		-2.186
0.039		49.2 		1557 		-7.209		-0.93
0.039		49.3 		1552 		-4.154		-0.5358
0.039		49.3 		1555 		-8.48		-1.094
0.039		49.3 		1549 		-13.36		-1.724
0.039		49.4 		1551 		3.247		0.4189
0.039		49.4 		1550 		-6.601		-0.8515
0.039		49.5 		1548 		-12.94		-1.669
0.039		49.5 		1545 		-10.96		-1.413
0.039		49.5 		1544 		-12.82		-1.654
0.039		49.6 		1540 		-9.271		-1.196
0.039		49.6 		1541 		0.8506		0.1097
0.039		49.7 		1541 		-6.795		-0.8766
0.039		49.7 		1538 		-9.851		-1.271
0.039		49.7 		1537 		-2.642		-0.3408
0.039		49.8 		1537 		-14.42		-1.86
0.039		49.8 		1531 		-19.48		-2.513
0.039		49.8 		1530 		-2.191		-0.2826
0.039		49.9 		1531 		-1.146		-0.1478
0.039		49.9 		1529 		-3.333		-0.4299
0.039		50   		1529 		-5.819		-0.7506
0.039		50   		1527 		-26.33		-3.396
0.039		50   		1520 		4.954		0.6391
0.039		50.1 		1529 		-16.26		-2.098
0.040		50.1 		1513 		-13.13		-1.694
0.039		50.2 		1524 		5.287		0.682
0.040		50.2 		1515 		-1.535		-0.198
0.039		50.2 		1523 		-20.35		-2.625
0.040		50.3 		1508 		-2.645		-0.3412
0.039		50.3 		1522 		-22.82		-2.944
0.040		50.4 		1499 		-9.68		-1.249
0.040		50.4 		1519 		9.954		1.284
0.040		50.4 		1503 		-22.36		-2.885
0.040		50.5 		1510 		2.085		0.269
0.040		50.5 		1504 		-11.44		-1.476
0.040		50.6 		1506 		-15.59		-2.011
0.040		50.6 		1498 		-3.06		-0.3948
0.040		50.6 		1505 		-0.2946		-0.038
0.040		50.7 		1498 		-16.7		-2.154
0.040		50.7 		1498 		7.051		0.9096
0.040		50.8 		1500 		-26.28		-3.39
0.040		50.8 		1488 		-10.69		-1.379
0.040		50.8 		1496 		12.57		1.622
0.040		50.9 		1493 		-25.31		-3.265
0.040		50.9 		1487 		-0.6747		-0.08703
0.040		51   		1493 		-5.175		-0.6676
0.040		51   		1485 		-27.42		-3.538
0.040		51   		1482 		0.6653		0.08582
0.040		51.1 		1485 		0.9492		0.1224
0.040		51.1 		1483 		3.617		0.4665
0.040		51.2 		1486 		-19.01		-2.452
0.041		51.2 		1475 		-31.49		-4.063
0.041		51.2 		1474 		4.859		0.6268
0.041		51.3 		1477 		5.235		0.6753
0.041		51.3 		1476 		-10.93		-1.41
0.041		51.4 		1473 		-9.219		-1.189
0.041		51.4 		1472 		-14.44		-1.863
0.041		51.4 		1467 		-8.586		-1.108
0.041		51.5 		1469 		-8.629		-1.113
0.041		51.5 		1464 		-4.865		-0.6275
0.041		51.6 		1467 		-11.94		-1.541
0.041		51.6 		1459 		4.483		0.5783
0.041		51.6 		1469 		2.276		0.2936
0.041		51.7 		1460 		-26.48		-3.416
0.041		51.7 		1459 		-2.079		-0.2682
0.041		51.8 		1459 		-7.93		-1.023
0.041		51.8 		1455 		-18.3		-2.361
0.041		51.9 		1452 		-1.878		-0.2423
0.041		51.9 		1455 		-8.99		-1.16
0.041		51.9 		1449 		-10.58		-1.365
0.041		52   		1451 		0.7085		0.09139
0.041		52   		1449 		-11.84		-1.528
0.041		52.1 		1446 		-13.2		-1.702
0.042		52.1 		1444 		-0.5266		-0.06794
0.042		52.1 		1446 		-7.26		-0.9365
0.042		52.2 		1441 		-6.644		-0.8571
0.042		52.2 		1443 		-23.98		-3.093
0.042		52.3 		1431 		-1.213		-0.1565
0.042		52.3 		1442 		-0.5157		-0.06652
0.042		52.4 		1431 		-4.585		-0.5914
0.042		52.4 		1441 		-1.716		-0.2213
0.042		52.4 		1430 		-16.76		-2.162
0.042		52.5 		1434 		-9.108		-1.175
0.042		52.5 		1427 		-3.921		-0.5058
0.042		52.6 		1432 		-6.265		-0.8082
0.042		52.6 		1424 		-20.03		-2.584
0.042		52.6 		1424 		-5.789		-0.7468
0.042		52.7 		1422 		-3.521		-0.4542
0.042		52.7 		1423 		-6.682		-0.862
0.042		52.8 		1419 		-3.424		-0.4416
0.042		52.8 		1421 		-3.328		-0.4293
0.042		52.9 		1418 		-16.26		-2.097
0.042		52.9 		1415 		-7.843		-1.012
0.042		52.9 		1415 		-0.08238		-0.01063
0.042		53   		1415 		-9.939		-1.282
0.043		53   		1411 		-8.114		-1.047
0.043		53.1 		1412 		2.126		0.2742
0.043		53.1 		1412 		-10.36		-1.336
0.043		53.2 		1407 		-16.32		-2.105
0.043		53.2 		1405 		-5.496		-0.7089
0.043		53.2 		1405 		-6.361		-0.8206
0.043		53.3 		1402 		-15.47		-1.996
0.043		53.3 		1399 		-1.919		-0.2476
0.043		53.4 		1402 		2.714		0.3502
0.043		53.4 		1400 		-15.61		-2.013
0.043		53.5 		1395 		-10.55		-1.36
0.043		53.5 		1396 		-2.763		-0.3565
0.043		53.5 		1394 		-0.3948		-0.05094
0.043		53.6 		1395 		-3.31		-0.4269
0.043		53.6 		1393 		-19.68		-2.539
0.043		53.7 		1387 		-11.85		-1.529
0.043		53.7 		1388 		3.811		0.4917
0.043		53.8 		1389 		-12.56		-1.62
0.043		53.8 		1383 		-8.821		-1.138
0.043		53.8 		1385 		-4.231		-0.5458
0.043		53.9 		1381 		-1.849		-0.2385
0.043		53.9 		1384 		-4.754		-0.6133
0.044		54   		1379 		-18.27		-2.357
0.044		54   		1377 		-7.067		-0.9116
0.044		54.1 		1376 		7.224		0.9319
0.043		54.1 		1380 		-15.43		-1.99
0.044		54.1 		1369 		-15.18		-1.958
0.044		54.2 		1374 		7.511		0.9689
0.044		54.2 		1373 		-12.68		-1.636
0.044		54.3 		1368 		-9.943		-1.283
0.044		54.3 		1368 		-4.019		-0.5185
0.044		54.4 		1367 		-1.339		-0.1728
0.044		54.4 		1368 		-5.342		-0.6891
0.044		54.5 		1364 		-21.91		-2.826
0.044		54.5 		1359 		-4.555		-0.5876
0.044		54.5 		1362 		-1.243		-0.1604
0.044		54.6 		1358 		-12.56		-1.621
0.044		54.6 		1357 		3.499		0.4514
0.044		54.7 		1360 		-6.76		-0.8721
0.044		54.7 		1354 		-7.194		-0.928
0.044		54.8 		1357 		-15.92		-2.053
0.045		54.8 		1348 		-7.341		-0.947
0.044		54.9 		1353 		4.439		0.5726
0.044		54.9 		1349 		-9.392		-1.212
0.044		54.9 		1349 		-9.976		-1.287
0.045		55   		1345 		-1.211		-0.1562
0.044		55   		1349 		-6.661		-0.8592
0.045		55.1 		1342 		-15.34		-1.979
0.045		55.1 		1342 		-6.811		-0.8786
0.045		55.2 		1339 		0.4214		0.05436
0.045		55.2 		1343 		-9.501		-1.226
0.045		55.3 		1335 		-5.801		-0.7483
0.045		55.3 		1340 		-4.789		-0.6178
0.045		55.3 		1333 		-15.73		-2.029
0.045		55.4 		1333 		0.3448		0.04448
0.045		55.4 		1334 		-3.1 		-0.3999
0.045		55.5 		1332 		-4.335		-0.5592
0.045		55.5 		1332 		-38.49		-4.965
0.046		55.6 		1315 		14.59		1.882
0.045		55.6 		1338 		29.44		3.798
0.045		55.7 		1328 		-33.52		-4.324
0.045		55.7 		1324 		-12.71		-1.64
0.045		55.7 		1323 		-0.2022		-0.02608
0.045		55.8 		1323 		-11.54		-1.489
0.046		55.8 		1318 		-9.569		-1.234
0.045		55.9 		1319 		-3.195		-0.4121
0.046		55.9 		1316 		-14.33		-1.848
0.046		56   		1313 		1.059		0.1366
0.046		56   		1317 		-8.297		-1.07
0.046		56.1 		1309 		-8.494		-1.096
0.046		56.1 		1313 		0.3275		0.04224
0.046		56.2 		1310 		-12.36		-1.594
0.046		56.2 		1308 		0.1305		0.01683
0.046		56.2 		1310 		-10.97		-1.415
0.046		56.3 		1303 		-5.644		-0.7281
0.046		56.3 		1307 		-1.935		-0.2496
0.046		56.4 		1302 		-22.16		-2.858
0.046		56.4 		1297 		0.8318		0.1073
0.046		56.5 		1302 		-5.664		-0.7307
0.046		56.5 		1295 		-6.374		-0.8223
0.046		56.6 		1299 		-2.217		-0.286
0.046		56.6 		1294 		-13.35		-1.722
0.046		56.7 		1294 		-3.524		-0.4545
0.046		56.7 		1292 		-2.953		-0.381
0.046		56.8 		1292 		-2.446		-0.3156
0.046		56.8 		1291 		-13.73		-1.772
0.047		56.8 		1286 		-13.47		-1.738
0.047		56.9 		1285 		0    		0    
0.047		56.9 		1286 		-5.613		-0.7241
0.047		57   		1283 		-8.002		-1.032
0.047		57   		1283 		1.474		0.1902
0.047		57.1 		1283 		-10.71		-1.381
0.047		57.1 		1278 		-8.911		-1.15
0.047		57.2 		1279 		0.3646		0.04704
0.047		57.2 		1278 		-4.193		-0.5409
0.047		57.3 		1278 		-15.27		-1.97
0.047		57.3 		1271 		-3.797		-0.4898
0.047		57.4 		1276 		-5.028		-0.6486
0.047		57.4 		1269 		-14.41		-1.858
0.047		57.5 		1269 		-8.711		-1.124
0.047		57.5 		1265 		-5.621		-0.7251
0.047		57.6 		1267 		1.652		0.2131
0.047		57.6 		1266 		-5.307		-0.6846
0.047		57.6 		1264 		-17.27		-2.228
0.048		57.7 		1258 		-3.622		-0.4672
0.048		57.7 		1263 		1.803		0.2325
0.048		57.8 		1259 		-10.12		-1.306
0.048		57.8 		1258 		-9.36		-1.207
0.048		57.9 		1254 		-2.827		-0.3647
0.048		57.9 		1257 		-5.97		-0.7701
0.048		58   		1252 		-5.797		-0.7478
0.048		58   		1254 		-13.25		-1.71
0.048		58.1 		1246 		-6.425		-0.8289
0.048		58.1 		1251 		4.638		0.5984
0.048		58.2 		1248 		-17.33		-2.236
0.048		58.2 		1243 		-3.599		-0.4642
0.048		58.3 		1246 		-0.4482		-0.05781
0.048		58.3 		1243 		-15.13		-1.952
0.048		58.4 		1239 		-3.893		-0.5022
0.048		58.4 		1241 		-2.05		-0.2644
0.048		58.5 		1238 		-9.401		-1.213
0.049		58.5 		1237 		-7.81		-1.007
0.049		58.6 		1235 		-6.139		-0.792
0.049		58.6 		1234 		-1.203		-0.1552
0.049		58.7 		1234 		-7.251		-0.9353
0.049		58.7 		1231 		-8.097		-1.045
0.049		58.8 		1230 		-2.22		-0.2864
0.049		58.8 		1230 		-10.94		-1.412
0.049		58.9 		1225 		-5.485		-0.7076
0.049		58.9 		1227 		3.379		0.436
0.049		59   		1227 		-4.506		-0.5812
0.049		59   		1225 		-7.912		-1.021
0.049		59   		1223 		-10.32		-1.331
0.049		59.1 		1220 		1.434		0.185
0.049		59.1 		1224 		-2564		-330.8
3.058		59.2 		19.62		-3.059		-0.3947
0.053		62.3 		1134 		2218 		286.1
0.053		62.3 		1140 		0.384		0.04953
0.053		62.4 		1134 		-9.817		-1.266
0.053		62.4 		1135 		0.1275		0.01644
0.053		62.5 		1135 		0.7653		0.09872
0.053		62.5 		1135 		-0.17		-0.02193
0.053		62.6 		1134 		-6.91		-0.8914
0.053		62.6 		1132 		-4.777		-0.6163
0.053		62.7 		1132 		-5.301		-0.6839
0.053		62.7 		1129 		-4.536		-0.5852
0.053		62.8 		1130 		0.7123		0.09189
0.053		62.8 		1129 		-7.48		-0.965
0.053		62.9 		1126 		-10.56		-1.362
0.053		62.9 		1124 		2.49 		0.3212
0.053		63   		1127 		-0.8282		-0.1068
0.053		63   		1124 		-6.418		-0.828
0.053		63.1 		1124 		-3.009		-0.3881
0.053		63.2 		1122 		-7.356		-0.9489
0.054		63.2 		1120 		-4.463		-0.5757
0.054		63.3 		1120 		-1.919		-0.2476
0.054		63.3 		1119 		-4.562		-0.5886
0.054		63.4 		1117 		-2.887		-0.3724
0.054		63.4 		1118 		1.056		0.1362
0.054		63.5 		1118 		-5.875		-0.7579
0.054		63.5 		1115 		-9.402		-1.213
0.054		63.6 		1113 		-0.1207		-0.01557
0.054		63.6 		1115 		-2.769		-0.3571
0.054		63.7 		1112 		-6.05		-0.7805
0.054		63.7 		1112 		-5.54		-0.7147
0.054		63.8 		1109 		-4.573		-0.59
0.054		63.9 		1109 		1.231		0.1587
0.054		63.9 		1109 		-5.702		-0.7356
0.054		64   		1106 		-5.531		-0.7135
0.054		64   		1107 		-1.889		-0.2437
0.054		64.1 		1105 		-5.733		-0.7395
0.054		64.1 		1104 		-3.094		-0.3991
0.054		64.2 		1104 		0.2738		0.03532
0.054		64.2 		1104 		-3.475		-0.4483
0.054		64.3 		1102 		-6.889		-0.8887
0.055		64.3 		1100 		-2.174		-0.2804
0.055		64.4 		1101 		-4.409		-0.5688
0.055		64.5 		1098 		-4.633		-0.5977
0.055		64.5 		1098 		-0.539		-0.06953
0.055		64.6 		1098 		-6.374		-0.8222
0.055		64.6 		1095 		-3.678		-0.4744
0.055		64.7 		1096 		-3.243		-0.4184
0.055		64.7 		1093 		-0.9922		-0.128
0.055		64.8 		1095 		-3.232		-0.4169
0.055		64.8 		1092 		-7.249		-0.9351
0.055		64.9 		1091 		-2.833		-0.3655
0.055		64.9 		1090 		-2.754		-0.3552
0.055		65   		1090 		-3.648		-0.4706
0.055		65.1 		1088 		-5.251		-0.6774
0.055		65.1 		1087 		0.1123		0.01449
0.055		65.2 		1088 		-3.735		-0.4818
0.055		65.2 		1085 		-8.896		-1.148
0.055		65.3 		1084 		3.197		0.4124
0.055		65.3 		1087 		-1.817		-0.2344
0.055		65.4 		1083 		-10.03		-1.294
0.055		65.4 		1082 		-7.128		-0.9196
0.056		65.5 		1079 		4.341		0.56 
0.055		65.6 		1084 		2.756		0.3555
0.056		65.6 		1080 		-8.675		-1.119
0.056		65.7 		1079 		-7.083		-0.9137
0.056		65.7 		1077 		-2.004		-0.2585
0.056		65.8 		1078 		-1.925		-0.2483
0.056		65.8 		1075 		-5.405		-0.6972
0.056		65.9 		1075 		-2.205		-0.2844
0.056		65.9 		1074 		-0.578		-0.07457
0.056		66   		1075 		-3.387		-0.4369
0.056		66.1 		1073 		-2.952		-0.3808
0.056		66.1 		1073 		-5.945		-0.7669
0.056		66.2 		1069 		-2.863		-0.3694
0.056		66.2 		1072 		-2.706		-0.3491
0.056		66.3 		1068 		-5.907		-0.7621
0.056		66.3 		1069 		1.987		0.2564
0.056		66.4 		1069 		-10.81		-1.394
0.056		66.4 		1063 		0.6362		0.08206
0.056		66.5 		1069 		3.415		0.4405
0.056		66.6 		1065 		-11.23		-1.449
0.056		66.6 		1063 		-2.347		-0.3027
0.056		66.7 		1064 		1.785		0.2303
0.056		66.7 		1064 		-4.541		-0.5858
0.057		66.8 		1061 		-6.585		-0.8494
0.057		66.8 		1061 		-1.007		-0.1299
0.057		66.9 		1061 		-2.738		-0.3532
0.057		67   		1059 		-3.528		-0.4551
0.057		67   		1059 		-1.174		-0.1514
0.057		67.1 		1059 		-8.144		-1.051
0.057		67.1 		1054 		-1.133		-0.1462
0.057		67.2 		1058 		0.7185		0.09269
0.057		67.2 		1055 		-5.307		-0.6846
0.057		67.3 		1055 		-4.223		-0.5448
0.057		67.4 		1052 		-0.9195		-0.1186
0.057		67.4 		1055 		-0.5433		-0.07009
0.057		67.5 		1052 		-7.39		-0.9534
0.057		67.5 		1051 		-2.668		-0.3442
0.057		67.6 		1051 		-1.146		-0.1478
0.057		67.6 		1050 		-0.03371		-0.004348
0.057		67.7 		1051 		-6.78		-0.8747
0.057		67.8 		1046 		-6.427		-0.8291
0.057		67.8 		1047 		0.767		0.09895
0.057		67.9 		1047 		1.603		0.2068
0.057		67.9 		1048 		-4.929		-0.6358
0.057		68   		1044 		-10.05		-1.297
0.058		68   		1042 		-0.06608		-0.008525
0.057		68.1 		1044 		0.429		0.05534
0.058		68.2 		1043 		-6.259		-0.8074
0.058		68.2 		1040 		0.3291		0.04245
0.058		68.3 		1043 		-3.213		-0.4144
0.058		68.3 		1039 		-6.777		-0.8742
0.058		68.4 		1039 		1.926		0.2484
0.058		68.4 		1040 		-4.626		-0.5967
0.058		68.5 		1037 		-5.233		-0.6751
0.058		68.6 		1037 		-0.5183		-0.06686
0.058		68.6 		1036 		-2.653		-0.3423
0.058		68.7 		1035 		-3.776		-0.4871
0.058		68.7 		1034 		-3.958		-0.5106
0.058		68.8 		1033 		-1.028		-0.1326
0.058		68.8 		1034 		-1.86		-0.2399
0.058		68.9 		1032 		-4.192		-0.5408
0.058		69   		1031 		-1.66		-0.2142
0.058		69   		1031 		-0.8928		-0.1152
0.058		69.1 		1031 		-3.469		-0.4475
0.058		69.1 		1029 		-7.004		-0.9035
0.058		69.2 		1027 		-1.265		-0.1632
0.058		69.3 		1029 		-1.387		-0.1789
0.058		69.3 		1026 		-3.719		-0.4797
0.058		69.4 		1027 		-2.041		-0.2633
0.059		69.4 		1025 		-2.854		-0.3682
0.059		69.5 		1025 		-3.376		-0.4355
0.059		69.5 		1023 		-2.092		-0.2699
0.059		69.6 		1024 		-2.428		-0.3132
0.059		69.7 		1022 		-4.164		-0.5372
0.059		69.7 		1021 		-1.302		-0.1679
0.059		69.8 		1021 		-4.389		-0.5662
0.059		69.8 		1019 		-1.513		-0.1951
0.059		69.9 		1020 		-2.154		-0.2779
0.059		70   		1018 		-4.272		-0.5511
0.059		70   		1018 		-2.633		-0.3397
0.059		70.1 		1016 		-2.293		-0.2959
0.059		70.1 		1016 		-4.295		-0.5541
0.059		70.2 		1014 		-6.678		-0.8615
0.059		70.3 		1013 		-0.6659		-0.0859
0.059		70.3 		1013 		-4.343		-0.5602
0.059		70.4 		1010 		-6.585		-0.8495
0.059		70.4 		1010 		1.26 		0.1625
0.059		70.5 		1011 		-2.066		-0.2665
0.059		70.5 		1009 		-5.291		-0.6825
0.060		70.6 		1008 		-4.136		-0.5335
0.060		70.7 		1006 		-3.857		-0.4975
0.060		70.7 		1006 		-1.214		-0.1565
0.060		70.8 		1006 		-1.064		-0.1373
0.060		70.8 		1005 		-2.627		-0.3389
0.060		70.9 		1004 		-3.034		-0.3913
0.060		71   		1003 		-4.841		-0.6245
0.060		71   		1001 		-2.664		-0.3437
0.060		71.1 		1002 		0.3799		0.049
0.060		71.1 		1001 		-2.832		-0.3653
0.060		71.2 		1000 		-5.962		-0.7691
0.060		71.3 		998.1		-0.8419		-0.1086
0.060		71.3 		999.7		0.9565		0.1234
0.060		71.4 		998.6		-7.026		-0.9064
0.060		71.4 		995.7		-2.797		-0.3608
0.060		71.5 		997  		-2.182		-0.2815
0.060		71.6 		994.4		-2.928		-0.3777
0.060		71.6 		995.3		-1.116		-0.144
0.060		71.7 		993.8		-2.259		-0.2915
0.060		71.7 		994  		-3.79		-0.4889
0.061		71.8 		991.6		-4.435		-0.5721
0.061		71.9 		991.4		0.9931		0.1281
0.060		71.9 		992.2		0.4824		0.06223
0.061		72   		991.7		-5.577		-0.7194
0.061		72.1 		989  		-5.471		-0.7058
0.061		72.1 		988.5		-0.9276		-0.1197
0.061		72.2 		988.4		-1.684		-0.2173
0.061		72.2 		987.6		-2.69		-0.347
0.061		72.3 		986.9		0.14 		0.01806
0.061		72.4 		987.7		-1.901		-0.2452
0.061		72.4 		985.8		-5.437		-0.7014
0.061		72.5 		984.5		-0.7788		-0.1005
0.061		72.5 		985.3		-2.773		-0.3578
0.061		72.6 		982.9		-6.773		-0.8738
0.061		72.7 		981.4		1.408		0.1816
0.061		72.7 		983.7		1.296		0.1672
0.061		72.8 		982.1		-6.362		-0.8207
0.061		72.8 		980  		-0.2474		-0.03192
0.061		72.9 		982  		-1.672		-0.2157
0.061		73   		979  		-4.792		-0.6182
0.061		73   		979.2		-1.173		-0.1513
0.061		73.1 		978.3		-1.336		-0.1723
0.061		73.1 		978.4		-2.801		-0.3613
0.061		73.2 		976.7		-5.449		-0.7029
0.062		73.3 		975.2		-0.4329		-0.05584
0.061		73.3 		976.4		-1.862		-0.2402
0.062		73.4 		974.1		-0.3511		-0.0453
0.061		73.5 		976.2		-2.932		-0.3782
0.062		73.5 		972.4		-6.819		-0.8796
0.062		73.6 		972.2		-1.149		-0.1482
0.062		73.6 		971.7		-0.1069		-0.01378
0.062		73.7 		972.1		0    		0    
0.062		73.8 		971.7		-3.199		-0.4127
0.062		73.8 		970.3		-4.12		-0.5315
0.062		73.9 		969.3		-0.4511		-0.05819
0.062		73.9 		970  		-1.695		-0.2186
0.062		74   		968.3		-4.361		-0.5626
0.062		74.1 		967.4		-2.529		-0.3262
0.062		74.1 		966.8		-0.3684		-0.04752
0.062		74.2 		967.2		-3.018		-0.3894
0.062		74.3 		965  		-1.836		-0.2369
0.062		74.3 		966.1		-2.717		-0.3505
0.062		74.4 		963.4		-3.654		-0.4713
0.062		74.4 		963.9		1.719		0.2218
0.062		74.5 		964.4		-4.134		-0.5333
0.062		74.6 		961.5		-5.961		-0.7689
0.062		74.6 		960.8		2.899		0.374
0.062		74.7 		963.2		-1.938		-0.25
0.063		74.8 		959.7		-6.295		-0.812
0.063		74.8 		959.4		2.549		0.3288
0.062		74.9 		961.2		-2.031		-0.262
0.063		74.9 		958.2		-4.75		-0.6128
0.063		75   		958.4		-1.713		-0.221
0.063		75.1 		957.2		-4.768		-0.6151
0.063		75.1 		955.5		-2.213		-0.2854
0.063		75.2 		955.9		0.05078		0.00655
0.063		75.3 		955.6		-2.839		-0.3663
0.063		75.3 		954.2		-2.631		-0.3394
0.063		75.4 		954  		-1.691		-0.2181
0.063		75.4 		953.2		0.9594		0.1238
0.063		75.5 		954.5		-3.222		-0.4157
0.063		75.6 		951.2		-6.503		-0.8389
0.063		75.6 		950.6		-1.999		-0.2579
0.063		75.7 		950  		1.75 		0.2258
0.063		75.8 		951.7		-1.573		-0.2029
0.063		75.8 		949.1		-3.443		-0.4442
0.063		75.9 		949.6		-2.459		-0.3173
0.063		76   		947.6		-3.225		-0.416
0.063		76   		947.7		-1.311		-0.1691
0.063		76.1 		946.8		-1.162		-0.1498
0.063		76.1 		947  		-1.554		-0.2005
0.063		76.2 		945.9		-2.316		-0.2987
0.063		76.3 		945.6		-4.833		-0.6234
0.064		76.3 		942.9		-2.693		-0.3474
0.064		76.4 		943.9		0.5373		0.06931
0.064		76.5 		943.3		-2.587		-0.3337
0.064		76.5 		942.3		-6.073		-0.7835
0.064		76.6 		939.6		-2.278		-0.2939
0.064		76.7 		941  		-3.496		-0.4509
0.064		76.7 		937.4		-5.701		-0.7354
0.064		76.8 		937.5		-3.968		-0.5119
0.064		76.8 		935  		-2.101		-0.271
0.064		76.9 		936.2		2.003		0.2583
0.064		77   		936.2		-1.288		-0.1661
0.064		77   		935.4		-8.114		-1.047
0.064		77.1 		931.3		-3.877		-0.5002
0.064		77.2 		933  		3.539		0.4565
0.064		77.2 		933.4		-0.9685		-0.1249
0.064		77.3 		932.4		-3.889		-0.5017
0.064		77.4 		931.1		-5.092		-0.6569
0.065		77.4 		929.3		-1.241		-0.1601
0.064		77.5 		930.3		0.2571		0.03317
0.065		77.5 		929.4		-4.433		-0.5718
0.065		77.6 		927.6		-3.743		-0.4829
0.065		77.7 		927.1		-4.972		-0.6414
0.065		77.7 		924.5		-4.149		-0.5353
0.065		77.8 		924.6		-1.103		-0.1422
0.065		77.9 		923.8		-0.5281		-0.06813
0.065		77.9 		924.2		2.436		0.3142
0.065		78   		925.3		-5.041		-0.6503
0.065		78.1 		921.1		-7.6 		-0.9804
0.065		78.1 		920.6		-3.242		-0.4182
0.065		78.2 		919.1		4.5  		0.5805
0.065		78.3 		923.4		0.4539		0.05856
0.065		78.3 		919.4		-8.028		-1.036
0.065		78.4 		918.4		0.271		0.03496
0.065		78.5 		919.5		-2.86		-0.3689
0.065		78.5 		916.6		-3.531		-0.4555
0.065		78.6 		917.3		-1.456		-0.1878
0.066		78.7 		915.7		-3.823		-0.4932
0.066		78.7 		914.9		-1.85		-0.2386
0.066		78.8 		914.5		-1.024		-0.1321
0.066		78.9 		914.3		-0.9114		-0.1176
0.066		78.9 		914  		-1.332		-0.1719
0.066		79   		913.5		-3.874		-0.4997
0.066		79   		911.5		-2.871		-0.3703
0.066		79.1 		911.7		-2.266		-0.2923
0.066		79.2 		910.1		-2.811		-0.3626
0.066		79.2 		909.9		-1.664		-0.2147
0.066		79.3 		909.1		-5.366		-0.6922
0.066		79.4 		906.5		-1.393		-0.1797
0.066		79.4 		908.2		0.3257		0.04202
0.066		79.5 		906.7		-3.667		-0.4731
0.066		79.6 		905.9		-4.643		-0.5989
0.066		79.6 		903.8		-2.09		-0.2696
0.066		79.7 		904.5		-0.9665		-0.1247
0.066		79.8 		903.2		-3.752		-0.484
0.067		79.8 		902.2		-0.2996		-0.03865
0.066		79.9 		903  		-0.2992		-0.0386
0.067		80   		902  		-3.564		-0.4597
0.067		80   		900.7		-4.674		-0.6029
0.067		80.1 		899  		-0.1061		-0.01368
0.067		80.2 		900.6		-2.346		-0.3027
0.067		80.2 		897.5		-2.326		-0.3 
0.067		80.3 		899.2		-1.683		-0.2172
0.067		80.4 		896.4		-4.183		-0.5396
0.067		80.4 		896.5		-0.5446		-0.07026
0.067		80.5 		896.1		0.1467		0.01892
0.067		80.6 		896.6		-2.258		-0.2913
0.067		80.6 		894.6		-2.151		-0.2775
0.067		80.7 		895.2		-2.476		-0.3194
0.067		80.8 		893.1		-5.764		-0.7435
0.067		80.8 		891.5		-3.116		-0.402
0.067		80.9 		891.1		-0.9881		-0.1275
0.067		81   		890.9		-1.418		-0.183
0.067		81   		890.1		-0.8831		-0.1139
0.067		81.1 		890.3		-2.785		-0.3593
0.068		81.2 		888.3		-3.004		-0.3876
0.068		81.2 		888.4		-1.385		-0.1787
0.068		81.3 		887.5		-1.567		-0.2021
0.068		81.4 		887.4		-0.7721		-0.0996
0.068		81.5 		887  		-4.091		-0.5278
0.068		81.5 		884.7		-2.788		-0.3597
0.068		81.6 		885.2		-0.3224		-0.04159
0.068		81.7 		884.5		-2.194		-0.283
0.068		81.7 		883.7		-0.3418		-0.04409
0.068		81.8 		884.3		-1.204		-0.1554
0.068		81.9 		883  		-4.743		-0.6119
0.068		81.9 		881.2		-4.283		-0.5525
0.068		82   		880.2		-1.43		-0.1845
0.068		82.1 		880.3		-1.427		-0.184
0.068		82.1 		879.2		-2.946		-0.3801
0.068		82.2 		878.3		-1.539		-0.1985
0.068		82.3 		878.2		-0.1577		-0.02034
