1271152
798893
636159
560385
508500
467588
441517
419968
386347
359315
333663
311486
291114
273596
255185
231781
210654
192405
176155
160663
150091
140171
130415
118597
106589
94751
85333
76888
72133
68918
65613
63225
61318
59349
57872
55753
54512
53679
52775
52281
51813
51302
50656
50076
49429
48800
48070
47546
46893
46168
45484
44393
43865
43112
42694
41844
41252
40590
40040
39306
38780
38297
37839
37163
37025
36505
35768
35637
34983
34731
34069
33646
33345
32785
32475
32352
31742
31605
31225
30903
30654
30327
30104
29795
29482
29343
28813
196917
27103
25066360
29280
29367
29310
29173
29237
29362
29324
29277
29314
29427
29303
29346
29482
29471
29426
29387
29599
29398
29609
29374
29489
29582
29590
29608
29537
29567
29648
29699
29542
29727
29625
29690
29926
29617
29708
29737
29801
29848
29759
29884
29943
29719
29957
29897
29809
29936
30066
29882
30053
29994
30044
29962
30071
30096
30102
30109
30237
30090
30103
30179
30212
30159
30219
30288
30230
30321
30256
30337
30361
30375
30400
30384
30324
30427
30449
30479
30473
30468
30625
30558
30558
30467
30695
30457
30604
30673
30630
30737
30656
30761
30676
30733
30739
30806
30804
30840
30848
30815
30891
30876
30947
30896
30950
30912
31133
30899
31043
31089
31026
31003
31112
31092
31261
31099
31156
31211
31213
31152
31399
31246
31338
31188
31401
31190
31534
31398
31372
31440
31445
31417
31467
31552
31601
31447
31611
31610
31589
31690
31692
31547
31772
31713
31739
31648
31816
31788
31918
31712
31985
31809
31829
31988
31966
31893
32072
31996
32029
31987
32086
32064
32204
32110
32190
32163
32172
32172
32306
32273
32295
32305
32347
32285
32400
32363
32473
32440
32418
32436
32547
32470
32618
32655
32560
32585
32648
32637
32627
32720
32744
32841
32783
32816
32900
32759
33007
32893
32911
32928
32987
33109
33002
33144
33026
33156
33155
33179
33242
33231
33300
33197
33349
33406
33365
33370
33420
33568
33438
33430
33644
33532
33640
33713
33496
33706
33753
33717
33837
33763
33850
33889
33962
33858
33865
33947
34081
33934
34059
34038
34129
34122
34172
34183
34277
34257
34252
34309
34394
34403
34330
34427
34469
34470
34489
34642
34500
34589
34670
34781
34575
34790
34710
34823
34801
34898
34829
34933
34952
34981
34980
35043
35088
35128
35110
35290
35082
35257
35315
35294
35368
35284
35345
35438
35515
35486
35557
35557
35570
35658
35636
35733
35745
35738
35716
35911
35845
35960
35852
35989
35984
36050
36105
36048
36221
36124
36183
36290
36232
36337
36213
36524
36340
36499
36388
36603
36497
36709
36502
36721
36559
36863
36681
36891
36784
36920
36806
37017
36926
37039
37100
37192
36949
37239
37121
37311
37200
37321
37358
37247
37568
37469
37337
37587
37535
37651
37621
37629
37800
37598
37882
37719
37957
37835
37998
37785
38228
37921
38116
38018
38255
38062
38280
38288
38240
38328
38454
38273
38530
38382
38602
38536
38668
38574
38746
38697
38716
38758
38836
38860
38956
38947
38948
39011
39041
39036
39178
39222
39199
39233
39231
39289
39486
39241
39645
39369
39593
39384
39794
39410
40022
39506
39922
39729
39901
39844
40059
39875
40062
40045
39990
40315
40100
40185
40362
40192
40416
40479
40409
40469
40371
40670
40706
40618
40650
40735
40749
40891
40842
40985
40895
41116
40846
41091
41137
41114
41225
41318
41246
41419
41365
41411
41499
41561
41505
41644
41581
41921
41595
41927
41648
41947
41843
42054
41889
42128
42126
42197
42168
42277
42209
42317
42405
42412
42406
42533
42505
42507
42632
42708
42700
42787
42893
42811
42859
43007
42992
43042
42997
43084
43248
43236
43199
43398
43313
43453
43337
43515
43576
43608
43481
43812
43682
43712
43851
43845
43905
43863
43977
44160
44039
44177
44211
44129
44304
44228
44525
44330
44463
44461
44603
44478
44697
44695
44794
44689
44930
44772
44999
44999
44994
45044
45057
45611
44843
45178
45333
45366
45336
45538
45479
45586
45695
45570
45821
45699
45816
45888
45814
46057
45901
46087
46246
46074
46335
46174
46370
46385
46426
46432
46465
46652
46682
46652
46773
46782
46749
46957
46895
46951
46964
47204
47027
47288
47268
47435
47363
47407
47453
47702
47515
47671
47689
47833
47738
47937
47839
48170
47952
48088
48259
48152
48267
48423
48337
48460
48507
48602
48619
48624
48752
48773
48793
48976
48895
48913
48979
49061
49173
49034
3057988
52896
52643
52887
52873
52884
52855
52888
53018
53001
53144
53109
53127
53288
53381
53228
53401
53383
53474
53562
53583
53609
53695
53680
53669
53825
53902
53828
53971
53979
54110
54094
54079
54238
54219
54286
54365
54365
54358
54454
54535
54510
54649
54630
54663
54796
54759
54881
54785
54966
54976
55041
55049
55138
55189
55135
55289
55374
55203
55423
55474
55617
55356
55542
55592
55736
55647
55789
55796
55850
55812
55944
55894
56110
55974
56186
56140
56130
56446
56112
56349
56431
56416
56380
56546
56569
56575
56648
56677
56682
56914
56715
56893
56870
57017
56897
57033
57115
57112
57149
57113
57351
57305
57328
57257
57476
57560
57478
57547
57668
57537
57766
57744
57707
57886
57868
57902
57950
58019
58073
58051
58131
58182
58183
58210
58292
58431
58332
58475
58450
58540
58541
58648
58608
58726
58742
58768
58884
58817
58954
58956
59040
59031
59181
59251
59203
59395
59422
59353
59491
59530
59630
59660
59671
59696
59760
59799
59925
59890
59912
59987
60117
60016
60084
60259
60181
60335
60283
60374
60362
60507
60518
60472
60501
60669
60695
60702
60755
60798
60750
60866
60945
60894
61045
61139
60994
61092
61225
61101
61286
61276
61329
61325
61432
61526
61448
61595
61461
61704
61715
61747
61719
61747
61839
61902
61856
61966
62021
62062
62035
62177
62105
62281
62245
62215
62404
62445
62292
62520
62536
62421
62615
62606
62682
62793
62769
62791
62881
62895
62948
62857
63076
63116
63156
63046
63219
63184
63318
63314
63371
63361
63434
63455
63631
63565
63609
63671
63859
63765
64004
64002
64170
64090
64086
64144
64428
64308
64278
64349
64443
64566
64496
64555
64686
64716
64901
64896
64949
64919
64843
65139
65176
65282
64978
65262
65332
65250
65459
65407
65524
65578
65607
65624
65648
65684
65823
65814
65926
65942
66002
66188
66066
66173
66235
66388
66332
66433
66507
66447
66521
66614
66741
66619
66852
66729
66932
66928
66958
66921
67066
67024
67185
67302
67336
67350
67405
67393
67541
67540
67609
67617
67647
67819
67785
67835
67894
67852
67954
68089
68169
68161
68241
68310
68319
68318
